T		P		C		CH4		CO		CO2		H		H2		H2O		He		N		N2		NH3		O		O2		O3		

1.000000e+08

3.000000e+03	1.000000e+08	1.929832e-10	1.629671e-04	2.965080e-04	3.335222e-08	4.557802e-03	8.326981e-01	6.159770e-04	1.611575e-01	2.977703e-09	4.595243e-05	3.669508e-05	3.791112e-09	1.121856e-12	3.595041e-23	
2.900000e+03	1.000000e+08	7.527657e-11	1.934034e-04	2.700716e-04	3.258536e-08	3.321431e-03	8.337971e-01	6.422697e-04	1.612668e-01	1.516421e-09	4.520203e-05	3.910677e-05	1.952524e-09	6.047567e-13	1.162699e-23	
2.800000e+03	1.000000e+08	2.690473e-11	2.277214e-04	2.398123e-04	3.128231e-08	2.366854e-03	8.346313e-01	6.725585e-04	1.613548e-01	7.352301e-10	4.429236e-05	4.181013e-05	9.611544e-10	3.131678e-13	3.490123e-24	
2.700000e+03	1.000000e+08	8.708490e-12	2.653154e-04	2.062083e-04	2.928280e-08	1.645297e-03	8.352466e-01	7.063613e-04	1.614252e-01	3.374414e-10	4.319005e-05	4.485312e-05	4.491203e-10	1.545078e-13	9.589198e-25	
2.600000e+03	1.000000e+08	2.518792e-12	3.049641e-04	1.703304e-04	2.647178e-08	1.112576e-03	8.356855e-01	7.425874e-04	1.614804e-01	1.456287e-10	4.185758e-05	4.829097e-05	1.975421e-10	7.187782e-14	2.370003e-25	
2.500000e+03	1.000000e+08	6.412109e-13	3.447578e-04	1.339242e-04	2.285344e-08	7.294861e-04	8.359847e-01	7.794724e-04	1.615250e-01	5.863487e-11	4.024962e-05	5.218346e-05	8.097848e-11	3.113943e-14	5.160976e-26	
2.400000e+03	1.000000e+08	1.412946e-13	3.823440e-04	9.928948e-05	1.862432e-08	4.620304e-04	8.362272e-01	8.147691e-04	1.615700e-01	2.182341e-11	3.832144e-05	5.660294e-05	3.058865e-11	1.238799e-14	9.672183e-27	
2.300000e+03	1.000000e+08	2.648833e-14	4.155372e-04	6.836082e-05	1.398490e-08	2.814056e-04	8.363630e-01	8.398968e-04	1.615920e-01	7.421893e-12	3.598198e-05	6.157271e-05	1.043876e-11	4.394609e-15	1.488551e-27	
2.200000e+03	1.000000e+08	4.138545e-15	4.420638e-04	4.355543e-05	9.680871e-09	1.639527e-04	8.364418e-01	8.566339e-04	1.616153e-01	2.279891e-12	3.330466e-05	6.725502e-05	3.190416e-12	1.382670e-15	1.859733e-28	
2.100000e+03	1.000000e+08	5.290280e-16	4.625441e-04	2.424424e-05	5.522490e-09	9.080740e-05	8.365697e-01	8.178212e-04	1.616369e-01	6.222094e-13	3.020354e-05	7.367499e-05	8.144217e-13	3.404087e-16	1.556822e-29	
2.000000e+03	1.000000e+08	5.376825e-17	4.754627e-04	1.211463e-05	2.768626e-09	4.745099e-05	8.366886e-01	7.575487e-04	1.616509e-01	1.480047e-13	2.668068e-05	8.085499e-05	1.769626e-13	6.929153e-17	9.438316e-31	
1.900000e+03	1.000000e+08	4.222177e-18	4.823598e-04	5.654815e-06	1.328935e-09	2.317971e-05	8.367476e-01	7.117621e-04	1.616567e-01	2.997251e-14	2.277892e-05	8.875201e-05	3.351969e-14	1.248816e-17	4.565413e-32	
1.800000e+03	1.000000e+08	2.473129e-19	4.858304e-04	2.433363e-06	5.993643e-10	1.046859e-05	8.368550e-01	6.734297e-04	1.616651e-01	5.016037e-15	1.857954e-05	9.717502e-05	5.357608e-15	1.915224e-18	1.648260e-33	
1.700000e+03	1.000000e+08	1.031201e-20	4.873712e-04	1.004863e-06	2.787417e-10	4.310786e-06	8.368534e-01	6.748565e-04	1.616672e-01	6.690768e-16	1.428810e-05	1.057770e-04	7.368810e-16	2.682096e-19	4.893572e-35	
1.600000e+03	1.000000e+08	2.879706e-22	4.880538e-04	3.696422e-07	1.173098e-10	1.590963e-06	8.368504e-01	6.754826e-04	1.616683e-01	6.795431e-17	1.018035e-05	1.139978e-04	7.909871e-17	2.934044e-20	9.349131e-37	
1.500000e+03	1.000000e+08	4.978035e-24	4.883343e-04	1.186380e-07	4.393595e-11	5.149057e-07	8.368469e-01	6.757148e-04	1.616704e-01	4.967829e-18	6.595292e-06	1.211741e-04	6.312247e-18	2.390823e-21	1.055322e-38	
1.400000e+03	1.000000e+08	4.810506e-26	4.884303e-04	3.231194e-08	1.430941e-11	1.420989e-07	8.368434e-01	6.757680e-04	1.616714e-01	2.438248e-19	3.812139e-06	1.267417e-04	3.516621e-19	1.363921e-22	6.298320e-41	
1.300000e+03	1.000000e+08	2.273673e-28	4.884620e-04	7.197906e-09	3.928981e-12	3.223645e-08	8.368407e-01	6.757357e-04	1.616724e-01	7.361257e-21	1.931560e-06	1.305049e-04	1.259437e-20	5.020744e-24	1.717443e-43	
1.200000e+03	1.000000e+08	4.398009e-31	4.884647e-04	1.248754e-09	8.728780e-13	5.725504e-09	8.368423e-01	6.758472e-04	1.616725e-01	1.219521e-22	8.420498e-07	1.326825e-04	2.598272e-22	1.070120e-25	1.762277e-46	
1.100000e+03	1.000000e+08	2.730797e-34	4.884688e-04	1.577633e-10	1.482022e-13	7.449506e-10	8.368418e-01	6.759522e-04	1.616734e-01	9.490891e-25	3.080714e-07	1.337517e-04	2.657250e-24	1.137913e-27	5.212975e-50	
1.000000e+03	1.000000e+08	3.874880e-38	4.884948e-04	1.322025e-11	1.776717e-14	6.470426e-11	8.368483e-01	6.759731e-04	1.616667e-01	2.786270e-27	9.099621e-08	1.341850e-04	1.092170e-26	4.903805e-30	3.064135e-54	
9.000000e+02	1.000000e+08	7.695063e-43	4.884782e-04	6.424975e-13	1.341966e-15	3.281034e-12	8.368418e-01	6.756137e-04	1.616739e-01	2.242657e-30	2.042272e-08	1.343287e-04	1.332580e-29	6.343581e-33	2.090644e-59	
8.000000e+02	1.000000e+08	1.026252e-48	4.884704e-04	1.484896e-14	5.402338e-17	7.946764e-14	8.368429e-01	6.751278e-04	1.616734e-01	3.061263e-34	3.166854e-09	1.343618e-04	3.069135e-33	1.574659e-36	7.422994e-66	
7.000000e+02	1.000000e+08	2.904863e-56	4.884603e-04	1.199058e-16	8.945058e-19	6.710689e-16	8.368440e-01	6.750836e-04	1.616724e-01	3.332678e-39	2.921149e-10	1.343670e-04	6.561524e-38	3.721739e-41	3.900045e-74	
6.000000e+02	1.000000e+08	2.570494e-66	4.884719e-04	2.034884e-19	3.966178e-21	1.170898e-18	8.368430e-01	6.750853e-04	1.616734e-01	8.255185e-46	1.253573e-11	1.343687e-04	3.993100e-44	2.604169e-47	3.724261e-85	
5.000000e+02	1.000000e+08	2.286605e-80	4.884670e-04	2.960891e-23	2.214386e-24	1.651661e-22	8.368446e-01	6.750815e-04	1.616718e-01	4.911423e-55	1.627923e-13	1.343666e-04	8.305727e-53	6.660237e-56	1.840597e-90	
4.000000e+02	1.000000e+08	1.840620e-90	4.884524e-04	6.464171e-29	3.604732e-29	2.911188e-28	8.368426e-01	6.750928e-04	1.616739e-01	8.028395e-69	2.804038e-16	1.342635e-04	8.685434e-66	9.737939e-69	1.840620e-90	
3.000000e+02	1.000000e+08	1.840324e-90	4.882806e-04	4.323870e-38	6.612954e-37	8.504095e-38	8.368691e-01	6.748693e-04	1.616479e-01	1.840324e-90	1.071534e-20	1.342483e-04	2.595903e-87	5.444277e-90	1.840324e-90	
2.000000e+02	1.000000e+08	1.840580e-90	4.884447e-04	1.912732e-55	1.851022e-51	1.148120e-56	8.368473e-01	6.736509e-04	1.616704e-01	1.840580e-90	8.357528e-29	1.342600e-04	1.840580e-90	1.840580e-90	1.840580e-90	
1.000000e+02	1.000000e+08	1.840629e-90	4.884908e-04	1.840629e-90	9.718459e-88	1.840629e-90	8.368429e-01	6.736642e-04	1.616753e-01	1.840629e-90	3.254785e-47	1.342683e-04	1.840629e-90	1.840629e-90	1.840629e-90	

1.000000e+07

3.000000e+03	1.000000e+07	4.466682e-10	3.693399e-06	4.775847e-04	3.738413e-08	1.433741e-02	8.239824e-01	4.241734e-04	1.603034e-01	1.109326e-08	6.377701e-05	4.255310e-06	2.638245e-08	5.432928e-12	1.211572e-22	
2.900000e+03	1.000000e+07	1.989034e-10	5.033886e-06	4.772143e-04	3.850431e-08	1.046380e-02	8.275396e-01	4.262831e-04	1.606167e-01	5.696087e-09	6.377807e-05	4.593052e-06	1.305715e-08	2.704489e-12	3.477153e-23	
2.800000e+03	1.000000e+07	8.332766e-11	6.979700e-06	4.760301e-04	3.979827e-08	7.465167e-03	8.302920e-01	4.288137e-04	1.608596e-01	2.788696e-09	6.372131e-05	4.975810e-06	6.160211e-09	1.286417e-12	9.188572e-24	
2.700000e+03	1.000000e+07	3.259099e-11	9.861104e-06	4.737426e-04	4.129815e-08	5.193932e-03	8.323748e-01	4.321284e-04	1.610441e-01	1.294986e-09	6.360881e-05	5.415216e-06	2.757048e-09	5.822558e-13	2.218336e-24	
2.600000e+03	1.000000e+07	1.178779e-11	1.421161e-05	4.698600e-04	4.304230e-08	3.514539e-03	8.339119e-01	4.367783e-04	1.611812e-01	5.669448e-10	6.343983e-05	5.926194e-06	1.164383e-09	2.497280e-13	4.853527e-25	
2.500000e+03	1.000000e+07	3.895143e-12	2.089426e-05	4.635532e-04	4.507238e-08	2.305497e-03	8.350136e-01	4.436231e-04	1.612813e-01	2.323661e-10	6.321142e-05	6.528187e-06	4.614108e-10	1.010990e-13	9.547428e-26	
2.400000e+03	1.000000e+07	1.157549e-12	3.128954e-05	4.534884e-04	4.742338e-08	1.460674e-03	8.357758e-01	4.539930e-04	1.613531e-01	8.842834e-11	6.291866e-05	7.246963e-06	1.705334e-10	3.850338e-14	1.675991e-26	
2.300000e+03	1.000000e+07	3.030145e-13	4.752596e-05	4.375817e-04	5.009038e-08	8.898375e-04	8.362784e-01	4.699212e-04	1.614050e-01	3.094490e-11	6.255093e-05	8.117022e-06	5.841062e-11	1.375962e-14	2.607910e-27	
2.200000e+03	1.000000e+07	6.807885e-14	7.274373e-05	4.126846e-04	5.283257e-08	5.185076e-04	8.365825e-01	4.934915e-04	1.614489e-01	9.844754e-12	6.209930e-05	9.185972e-06	1.837633e-11	4.587133e-15	3.553731e-28	
2.100000e+03	1.000000e+07	1.275574e-14	1.115918e-04	3.743102e-04	5.459515e-08	2.871999e-04	8.368126e-01	5.238181e-04	1.614839e-01	2.808061e-12	6.151737e-05	1.051911e-05	5.214893e-12	1.395702e-15	4.087211e-29	
2.000000e+03	1.000000e+07	1.877009e-15	1.660528e-04	3.203443e-04	5.545455e-08	1.500696e-04	8.368709e-01	5.739465e-04	1.615130e-01	7.064021e-13	6.077848e-05	1.220746e-05	1.340441e-12	3.975691e-16	4.101977e-30	
1.900000e+03	1.000000e+07	2.188928e-16	2.501973e-04	2.367084e-04	4.491581e-08	7.330984e-05	8.369563e-01	5.748352e-04	1.615586e-01	1.535868e-13	5.981284e-05	1.438703e-05	2.706451e-13	8.141394e-17	2.403149e-31	
1.800000e+03	1.000000e+07	1.741801e-17	3.422583e-04	1.452612e-04	3.032666e-08	3.310682e-05	8.369684e-01	5.708764e-04	1.616043e-01	2.814322e-14	5.848724e-05	1.724472e-05	4.541109e-14	1.375947e-17	1.003688e-32	
1.700000e+03	1.000000e+07	8.710395e-19	4.118161e-04	7.610960e-05	1.893096e-08	1.363307e-05	8.369971e-01	6.052352e-04	1.616254e-01	4.212832e-15	5.664621e-05	2.106693e-05	6.607477e-15	2.156506e-18	3.528097e-34	
1.600000e+03	1.000000e+07	2.684989e-20	4.551533e-04	3.307524e-05	1.007356e-08	5.031340e-06	8.369422e-01	6.483192e-04	1.616440e-01	4.953505e-16	5.409463e-05	2.628233e-05	7.590954e-16	2.702220e-19	8.263281e-36	
1.500000e+03	1.000000e+07	4.860429e-22	4.768702e-04	1.148388e-05	4.216314e-09	1.628336e-06	8.369102e-01	6.699531e-04	1.616542e-01	4.346837e-17	5.049493e-05	3.353251e-05	6.257946e-17	2.349868e-20	1.028321e-37	
1.400000e+03	1.000000e+07	4.777948e-24	4.851864e-04	3.220794e-06	1.431432e-09	4.493703e-07	8.368962e-01	6.782256e-04	1.616573e-01	2.660782e-18	4.539749e-05	4.374137e-05	3.529185e-18	1.373685e-21	6.366077e-40	
1.300000e+03	1.000000e+07	2.269895e-26	4.877010e-04	7.238508e-07	3.980043e-10	1.019433e-07	8.368842e-01	6.807137e-04	1.616600e-01	1.035713e-19	3.823697e-05	5.806951e-05	1.268650e-19	5.094460e-23	1.755406e-42	
1.200000e+03	1.000000e+07	4.396323e-29	4.883117e-04	1.258280e-07	8.865868e-11	1.810593e-08	8.368708e-01	6.812875e-04	1.616633e-01	2.247711e-21	2.860492e-05	7.733710e-05	2.619095e-21	1.087342e-24	1.804991e-45	
1.100000e+03	1.000000e+07	2.730519e-32	4.884384e-04	1.590323e-08	1.506113e-11	2.355764e-09	8.368584e-01	6.814724e-04	1.616671e-01	2.245317e-23	1.724221e-05	1.000652e-04	2.678897e-23	1.156529e-26	5.341419e-49	
1.000000e+03	1.000000e+07	3.874671e-36	4.884649e-04	1.332660e-09	1.805516e-12	2.046125e-10	8.368456e-01	6.814457e-04	1.616709e-01	7.879482e-26	7.277330e-06	1.199986e-04	1.101016e-25	4.983562e-29	3.139191e-53	
9.000000e+02	1.000000e+07	7.694863e-41	4.884644e-04	6.474212e-11	1.362648e-13	1.037553e-11	8.368404e-01	6.808077e-04	1.616718e-01	6.899641e-29	1.933040e-06	1.306867e-04	1.342826e-28	6.441511e-32	2.139243e-58	
8.000000e+02	1.000000e+07	1.026259e-46	4.884670e-04	1.497196e-12	5.492175e-15	2.512979e-13	8.368372e-01	6.807112e-04	1.616737e-01	9.649181e-33	3.146354e-07	1.339249e-04	3.094539e-32	1.600833e-35	7.608843e-65	
7.000000e+02	1.000000e+07	2.904903e-54	4.884575e-04	1.209057e-14	9.094750e-17	2.122100e-15	8.368377e-01	6.806991e-04	1.616729e-01	1.054912e-37	2.926836e-08	1.344959e-04	6.616168e-37	3.783978e-40	3.998279e-73	
6.000000e+02	1.000000e+07	2.570429e-64	4.884552e-04	2.051770e-17	4.032378e-19	3.702687e-18	8.368374e-01	6.807000e-04	1.616732e-01	2.614105e-44	1.257023e-09	1.345525e-04	4.026329e-43	2.647697e-46	3.818030e-84	
5.000000e+02	1.000000e+07	2.286621e-78	4.884647e-04	2.985554e-21	2.251414e-22	5.222986e-22	8.368382e-01	6.806949e-04	1.616724e-01	1.555311e-53	1.632506e-11	1.345543e-04	8.374839e-52	6.771550e-55	1.840609e-90	
4.000000e+02	1.000000e+07	1.840635e-90	4.884941e-04	6.518778e-27	3.665514e-27	9.205951e-28	8.368359e-01	6.807199e-04	1.616747e-01	2.543098e-67	2.813535e-14	1.344889e-04	8.757909e-65	9.901123e-68	1.840635e-90	
3.000000e+02	1.000000e+07	1.840632e-90	4.884755e-04	4.363586e-36	6.731837e-35	2.689173e-37	8.368363e-01	6.807221e-04	1.616745e-01	3.715913e-90	1.074854e-18	1.344487e-04	2.618508e-86	5.539528e-89	1.840632e-90	
2.000000e+02	1.000000e+07	1.840573e-90	4.884464e-04	1.928624e-53	1.881838e-49	3.630684e-56	8.368426e-01	6.792187e-04	1.616693e-01	1.840573e-90	8.379976e-27	1.344376e-04	1.840573e-90	1.840573e-90	1.840573e-90	
1.000000e+02	1.000000e+07	1.840590e-90	4.885303e-04	1.840590e-90	9.882120e-86	1.840590e-90	8.368411e-01	6.792969e-04	1.616713e-01	1.840590e-90	3.263930e-45	1.344592e-04	1.840590e-90	1.840590e-90	1.840590e-90	

1.000000e+06

3.000000e+03	1.000000e+06	4.525984e-10	3.494546e-08	4.766575e-04	3.675118e-08	4.456868e-02	7.962257e-01	4.037287e-04	1.578587e-01	3.550825e-08	6.534377e-05	4.091463e-07	2.598622e-07	5.270963e-11	1.157799e-21	
2.900000e+03	1.000000e+06	2.034802e-10	4.899048e-08	4.795458e-04	3.800689e-08	3.267921e-02	8.071475e-01	4.084121e-04	1.588190e-01	1.828835e-08	6.574568e-05	4.492059e-07	1.282581e-07	2.609505e-11	3.295590e-22	
2.800000e+03	1.000000e+06	8.623251e-11	6.970902e-08	4.817907e-04	3.939402e-08	2.339818e-02	8.156730e-01	4.119989e-04	1.595686e-01	8.978369e-09	6.605067e-05	4.932735e-07	6.024732e-08	1.230456e-11	8.595566e-23	
2.700000e+03	1.000000e+06	3.423236e-11	1.010536e-07	4.834857e-04	4.095186e-08	1.632368e-02	8.221715e-01	4.147230e-04	1.601401e-01	4.180017e-09	6.627399e-05	5.426177e-07	2.678836e-08	5.496896e-12	2.034852e-23	
2.600000e+03	1.000000e+06	1.263834e-11	1.498550e-07	4.847184e-04	4.272477e-08	1.106779e-02	8.269994e-01	4.167823e-04	1.605648e-01	1.834599e-09	6.642976e-05	5.988991e-07	1.120364e-08	2.312031e-12	4.323615e-24	
2.500000e+03	1.000000e+06	4.303231e-12	2.283372e-07	4.855644e-04	4.476451e-08	7.270836e-03	8.304870e-01	4.183401e-04	1.608715e-01	7.538459e-10	6.652961e-05	6.642953e-07	4.374858e-09	9.088647e-13	8.137944e-25	
2.400000e+03	1.000000e+06	1.338059e-12	3.592300e-07	4.860789e-04	4.713436e-08	4.611187e-03	8.329300e-01	4.195390e-04	1.610865e-01	2.876646e-10	6.658394e-05	7.417014e-07	1.581299e-09	3.310610e-13	1.336243e-25	
2.300000e+03	1.000000e+06	3.755657e-13	5.866658e-07	4.862847e-04	4.991082e-08	2.811060e-03	8.345832e-01	4.204872e-04	1.612321e-01	1.009742e-10	6.660034e-05	8.350186e-07	5.237221e-10	1.106176e-13	1.879835e-26	
2.200000e+03	1.000000e+06	9.384210e-14	1.000513e-06	4.861482e-04	5.318841e-08	1.638761e-03	8.356601e-01	4.212748e-04	1.613268e-01	3.223649e-11	6.658441e-05	9.496189e-07	1.570448e-10	3.350203e-14	2.218091e-27	
2.100000e+03	1.000000e+06	2.052449e-14	1.793492e-06	4.855308e-04	5.708970e-08	9.079448e-04	8.363316e-01	4.220358e-04	1.613858e-01	9.235133e-12	6.653819e-05	1.093053e-06	4.204012e-11	9.070469e-15	2.141325e-28	
2.000000e+03	1.000000e+06	3.921376e-15	3.467988e-06	4.839684e-04	6.058501e-08	4.745233e-04	8.367355e-01	4.149818e-04	1.614272e-01	2.336027e-12	6.646633e-05	1.276279e-06	9.693391e-12	2.079067e-15	1.551233e-29	
1.900000e+03	1.000000e+06	6.125142e-16	7.002030e-06	4.804895e-04	6.613864e-08	2.318336e-04	8.370110e-01	4.170205e-04	1.614543e-01	5.115560e-13	6.635493e-05	1.515490e-06	1.963297e-12	4.284204e-16	9.173556e-31	
1.800000e+03	1.000000e+06	8.234375e-17	1.618809e-05	4.713154e-04	6.753307e-08	1.047056e-04	8.371701e-01	3.919013e-04	1.614687e-01	9.468344e-14	6.620054e-05	1.835326e-06	3.116677e-13	6.481289e-17	3.244804e-32	
1.700000e+03	1.000000e+06	9.706603e-18	4.592931e-05	4.415773e-04	5.718444e-08	4.312042e-05	8.373412e-01	3.152394e-04	1.614901e-01	1.437718e-14	6.597355e-05	2.274932e-06	3.440119e-14	5.845563e-18	4.979137e-34	
1.600000e+03	1.000000e+06	6.418062e-19	1.089032e-04	3.784771e-04	5.518166e-08	1.591436e-05	8.373486e-01	3.105096e-04	1.615088e-01	1.726223e-15	6.569356e-05	2.898439e-06	3.633889e-15	6.192575e-19	9.065218e-36	
1.500000e+03	1.000000e+06	2.054936e-20	2.017996e-04	2.860560e-04	6.187769e-08	5.150430e-06	8.372930e-01	3.948951e-04	1.615582e-01	1.562873e-16	6.527520e-05	3.815170e-06	3.686981e-16	8.156827e-20	2.103030e-37	
1.400000e+03	1.000000e+06	3.190276e-22	3.241459e-04	1.639466e-04	5.554731e-08	1.421234e-06	8.371324e-01	5.171892e-04	1.615996e-01	1.003829e-17	6.461498e-05	5.220678e-06	2.690464e-17	7.983490e-21	2.820526e-39	
1.300000e+03	1.000000e+06	2.000428e-24	4.299165e-04	5.837066e-05	2.936715e-08	3.223943e-07	8.369943e-01	6.229454e-04	1.616329e-01	4.221081e-19	6.351133e-05	7.485439e-06	1.160835e-18	4.265357e-22	1.344817e-41	
1.200000e+03	1.000000e+06	4.287823e-27	4.763265e-04	1.205652e-05	8.345708e-09	5.725804e-08	8.369299e-01	6.693580e-04	1.616491e-01	1.042992e-20	6.159159e-05	1.134942e-05	2.573055e-20	1.049449e-23	1.711463e-44	
1.100000e+03	1.000000e+06	2.721167e-30	4.868285e-04	1.580803e-06	1.493251e-09	7.449817e-09	8.369121e-01	6.797648e-04	1.616531e-01	1.303201e-22	5.808456e-05	1.836787e-05	2.672011e-22	1.150592e-25	5.300344e-48	
1.000000e+03	1.000000e+06	3.872669e-34	4.882820e-04	1.330390e-07	1.800300e-10	6.470645e-10	8.369049e-01	6.806848e-04	1.616563e-01	6.617780e-25	5.133357e-05	3.187403e-05	1.099708e-24	4.971732e-28	3.128020e-52	
9.000000e+02	1.000000e+06	7.693569e-39	4.884356e-04	6.471510e-09	1.361740e-11	3.281122e-11	8.368866e-01	6.806757e-04	1.616620e-01	9.701421e-28	3.821714e-05	5.811335e-05	1.342493e-27	6.438304e-31	2.137645e-57	
8.000000e+02	1.000000e+06	1.026162e-44	4.884496e-04	1.496934e-10	5.490763e-13	7.946845e-13	8.368609e-01	6.806749e-04	1.616670e-01	2.271177e-31	1.743128e-05	9.968752e-05	3.094283e-31	1.600571e-34	7.606975e-64	
7.000000e+02	1.000000e+06	2.904896e-52	4.884599e-04	1.209058e-12	9.094785e-15	6.710685e-15	8.368410e-01	6.807038e-04	1.616724e-01	3.203459e-36	2.699008e-06	1.291560e-04	6.616190e-36	3.784002e-39	3.998317e-72	
6.000000e+02	1.000000e+06	2.570536e-62	4.884744e-04	2.051878e-15	4.032634e-17	1.170893e-17	8.368371e-01	6.807073e-04	1.616736e-01	8.251176e-43	1.252358e-07	1.343024e-04	4.026376e-42	2.647757e-45	3.818158e-83	
5.000000e+02	1.000000e+06	2.286643e-76	4.884690e-04	2.985624e-19	2.251497e-20	1.651651e-21	8.368369e-01	6.807029e-04	1.616737e-01	4.918204e-52	1.632427e-09	1.345508e-04	8.374942e-51	6.771724e-54	1.840624e-90	
4.000000e+02	1.000000e+06	1.840613e-90	4.884674e-04	6.518213e-25	3.665127e-25	2.911174e-27	8.368378e-01	6.807087e-04	1.616728e-01	8.045910e-66	2.816296e-12	1.345559e-04	8.757706e-64	9.900707e-67	1.840613e-90	
3.000000e+02	1.000000e+06	1.840618e-90	4.884862e-04	4.363487e-34	6.731423e-33	8.503911e-37	8.368376e-01	6.806967e-04	1.616732e-01	1.175077e-88	1.074859e-16	1.344496e-04	2.618402e-85	5.539090e-88	1.840618e-90	
2.000000e+02	1.000000e+06	1.840604e-90	4.884360e-04	1.928690e-51	1.882037e-47	1.148114e-55	8.368398e-01	6.792651e-04	1.616720e-01	1.840604e-90	8.381134e-25	1.344477e-04	1.840604e-90	1.840604e-90	1.840604e-90	
1.000000e+02	1.000000e+06	6.395932e-05	1.098729e-06	3.234289e-08	4.147356e-07	9.115977e-01	3.742545e-09	4.622955e-08	8.787841e-02	2.919712e-05	1.298146e-08	1.093149e-07	2.521410e-04	2.423723e-09	2.790327e-09	

1.000000e+05

3.000000e+03	1.000000e+05	4.285038e-10	2.664392e-10	4.551830e-04	3.539883e-08	1.335123e-01	7.145277e-01	3.654353e-04	1.506751e-01	1.098943e-07	6.258868e-05	3.404072e-08	2.621085e-06	5.362483e-10	1.188084e-20	
2.900000e+03	1.000000e+05	1.949329e-10	4.008172e-10	4.635187e-04	3.706584e-08	9.934352e-02	7.459142e-01	3.808105e-04	1.534345e-01	5.695757e-08	6.377068e-05	3.930305e-08	1.294075e-06	2.656481e-10	3.384981e-21	
2.800000e+03	1.000000e+05	8.352957e-11	6.034359e-10	4.702033e-04	3.873607e-08	7.194082e-02	7.710855e-01	3.924104e-04	1.556475e-01	2.810251e-08	6.471019e-05	4.487611e-08	6.070099e-07	1.249057e-10	8.791209e-22	
2.700000e+03	1.000000e+05	3.347772e-11	9.139765e-10	4.754039e-04	4.048674e-08	5.062140e-02	7.906687e-01	4.010055e-04	1.573694e-01	1.313454e-08	6.543601e-05	5.084859e-08	2.693434e-07	5.556966e-11	2.068298e-22	
2.600000e+03	1.000000e+05	1.245621e-11	1.400952e-09	4.793256e-04	4.239028e-08	3.454021e-02	8.054403e-01	4.072705e-04	1.586681e-01	5.781832e-09	6.597986e-05	5.736809e-08	1.124099e-07	2.327472e-11	4.367002e-23	
2.500000e+03	1.000000e+05	4.266930e-12	2.187041e-09	4.821895e-04	4.451995e-08	2.279418e-02	8.162297e-01	4.117741e-04	1.596168e-01	2.381094e-09	6.637476e-05	6.465090e-08	4.381409e-08	9.115889e-12	8.174562e-24	
2.400000e+03	1.000000e+05	1.332867e-12	3.500736e-09	4.842085e-04	4.695452e-08	1.450212e-02	8.238463e-01	4.149771e-04	1.602868e-01	9.101335e-10	6.665099e-05	7.299684e-08	1.581351e-08	3.310826e-12	1.336373e-24	
2.300000e+03	1.000000e+05	3.754395e-13	5.786885e-09	4.855823e-04	4.978348e-08	8.859724e-03	8.290290e-01	4.172258e-04	1.607426e-01	3.198746e-10	6.683673e-05	8.281625e-08	5.231415e-09	1.103725e-12	1.873590e-25	
2.200000e+03	1.000000e+05	9.409987e-14	9.954882e-09	4.864732e-04	5.311366e-08	5.172148e-03	8.324163e-01	4.187697e-04	1.610406e-01	1.022243e-10	6.695541e-05	9.467218e-08	1.567193e-09	3.336329e-13	2.204327e-26	
2.100000e+03	1.000000e+05	2.065620e-14	1.797246e-08	4.870213e-04	5.707449e-08	2.868084e-03	8.345329e-01	4.197274e-04	1.612269e-01	2.931087e-11	6.702581e-05	1.093514e-07	4.190029e-10	9.010230e-14	2.120029e-27	
2.000000e+03	1.000000e+05	3.930367e-15	3.468138e-08	4.873409e-04	6.129178e-08	1.499731e-03	8.357956e-01	4.164494e-04	1.613381e-01	7.420272e-12	6.706343e-05	1.279840e-07	9.738605e-11	2.098509e-14	1.573043e-28	
1.900000e+03	1.000000e+05	6.235159e-16	7.119174e-08	4.874780e-04	6.687537e-08	7.329002e-04	8.365042e-01	4.153690e-04	1.614008e-01	1.626461e-12	6.707713e-05	1.522332e-07	1.956706e-11	4.255489e-15	9.081486e-30	
1.800000e+03	1.000000e+05	8.132625e-17	1.597648e-07	4.875845e-04	7.318008e-08	3.310483e-04	8.368674e-01	4.103531e-04	1.614483e-01	3.013842e-13	6.707400e-05	1.846392e-07	3.264601e-12	7.111117e-16	3.729092e-31	
1.700000e+03	1.000000e+05	8.416392e-18	3.980388e-07	4.873246e-04	8.032344e-08	1.363413e-04	8.371263e-01	4.011270e-04	1.614568e-01	4.583245e-14	6.704534e-05	2.292453e-07	4.378510e-13	9.469612e-17	1.026627e-32	
1.600000e+03	1.000000e+05	9.422618e-19	1.599013e-06	4.861623e-04	6.201694e-08	5.032687e-05	8.373905e-01	2.716881e-04	1.614793e-01	5.514341e-15	6.703726e-05	2.928152e-07	3.179402e-14	4.740444e-18	6.071555e-35	
1.500000e+03	1.000000e+05	6.541863e-20	6.427166e-06	4.810473e-04	5.496729e-08	1.628891e-05	8.374813e-01	2.086474e-04	1.614795e-01	5.006605e-16	6.698656e-05	3.866165e-07	1.947619e-15	2.276082e-19	3.099886e-37	
1.400000e+03	1.000000e+05	2.179063e-21	2.216145e-05	4.655723e-04	6.558296e-08	4.495416e-06	8.375340e-01	2.151300e-04	1.614997e-01	3.230628e-17	6.692479e-05	5.316992e-07	1.118589e-16	1.380001e-20	2.027029e-39	
1.300000e+03	1.000000e+05	3.350400e-23	7.208650e-05	4.156909e-04	8.892827e-08	1.019790e-06	8.374716e-01	2.650328e-04	1.615160e-01	1.369121e-18	6.681711e-05	7.684353e-07	4.935967e-18	7.711862e-22	1.033878e-41	
1.200000e+03	1.000000e+05	1.774147e-25	1.972649e-04	2.906588e-04	1.172285e-07	1.811065e-07	8.373069e-01	3.901779e-04	1.615568e-01	3.430558e-20	6.663301e-05	1.181277e-06	1.499191e-19	3.562689e-23	3.385266e-44	
1.100000e+03	1.000000e+05	2.139984e-28	3.829893e-04	1.052136e-04	8.411352e-08	2.356048e-08	8.370611e-01	5.754066e-04	1.616171e-01	4.401933e-22	6.627119e-05	1.962489e-06	2.261397e-21	8.241355e-25	3.213071e-47	
1.000000e+03	1.000000e+05	3.771753e-32	4.755890e-04	1.271250e-05	1.687781e-08	2.046233e-09	8.369329e-01	6.678512e-04	1.616521e-01	2.363121e-24	6.545582e-05	3.599414e-06	1.078939e-23	4.785710e-27	2.954115e-51	
9.000000e+02	1.000000e+05	7.682163e-37	4.877554e-04	6.454834e-07	1.356743e-09	1.037604e-10	8.369233e-01	6.799596e-04	1.616513e-01	3.955202e-27	6.352219e-05	7.492705e-06	1.341020e-26	6.424194e-30	2.130623e-56	
8.000000e+02	1.000000e+05	1.025907e-42	4.883882e-04	1.496245e-08	5.487079e-11	2.513093e-12	8.369132e-01	6.805739e-04	1.616556e-01	1.311900e-30	5.816053e-05	1.821087e-05	3.093633e-30	1.599897e-33	7.602168e-63	
7.000000e+02	1.000000e+05	2.904347e-50	4.884300e-04	1.208648e-10	9.090337e-13	2.122168e-14	8.368926e-01	6.806436e-04	1.616597e-01	3.988681e-35	4.184327e-05	5.085882e-05	6.615182e-35	3.782858e-38	3.996508e-71	
6.000000e+02	1.000000e+05	2.570445e-60	4.884693e-04	2.051739e-13	4.032231e-15	3.702715e-17	8.368484e-01	6.806944e-04	1.616715e-01	2.251722e-41	9.326656e-06	1.159020e-04	4.026250e-41	2.647589e-44	3.817792e-82	
5.000000e+02	1.000000e+05	2.286640e-74	4.884679e-04	2.985586e-17	2.251444e-18	5.222994e-21	8.368391e-01	6.806971e-04	1.616717e-01	1.551535e-50	1.624586e-07	1.342274e-04	8.374875e-50	6.771595e-53	1.840601e-90	
4.000000e+02	1.000000e+05	1.840633e-90	4.884692e-04	6.518311e-23	3.665188e-23	9.205945e-27	8.368361e-01	6.807084e-04	1.616745e-01	2.544337e-64	2.816280e-10	1.345548e-04	8.757746e-63	9.900769e-66	1.840633e-90	
3.000000e+02	1.000000e+05	1.840644e-90	4.884804e-04	4.363630e-32	6.731866e-31	2.689173e-36	8.368352e-01	6.807173e-04	1.616754e-01	3.715996e-87	1.074900e-14	1.344511e-04	2.618497e-84	5.539473e-87	1.840644e-90	
2.000000e+02	1.000000e+05	1.840682e-90	4.885134e-04	1.929213e-49	1.882721e-45	3.630645e-55	8.368328e-01	6.793220e-04	1.616789e-01	1.840682e-90	8.381686e-23	1.344502e-04	1.840682e-90	1.840682e-90	1.840682e-90	
1.000000e+02	1.000000e+05	1.840665e-90	4.884628e-04	1.840665e-90	9.879933e-82	1.840665e-90	8.368347e-01	6.792578e-04	1.616778e-01	1.840665e-90	3.263729e-41	1.344534e-04	1.840665e-90	1.840665e-90	1.840665e-90	

1.000000e+04

3.000000e+03	1.000000e+04	3.826795e-10	1.210506e-12	4.007789e-04	3.072882e-08	3.565687e-01	5.096396e-01	2.569762e-04	1.326604e-01	3.257571e-07	5.499630e-05	1.922134e-09	2.584160e-05	5.212456e-09	1.138576e-19	
2.900000e+03	1.000000e+04	1.740147e-10	2.179958e-12	4.200583e-04	3.410026e-08	2.775491e-01	5.822230e-01	3.017525e-04	1.390429e-01	1.713926e-07	5.774340e-05	2.579097e-09	1.313714e-05	2.737724e-09	3.541446e-20	
2.800000e+03	1.000000e+04	7.576957e-11	3.840837e-12	4.369744e-04	3.688091e-08	2.082142e-01	6.459109e-01	3.367645e-04	1.446425e-01	8.566272e-08	6.012651e-05	3.316401e-09	6.218870e-06	1.311033e-09	9.453567e-21	
2.700000e+03	1.000000e+04	3.102737e-11	6.618972e-12	4.510533e-04	3.932368e-08	1.505049e-01	6.989204e-01	3.628772e-04	1.493030e-01	4.046086e-08	6.209510e-05	4.116698e-09	2.757290e-06	5.823579e-10	2.218920e-21	
2.600000e+03	1.000000e+04	1.178953e-11	1.122102e-11	4.622109e-04	4.164615e-08	1.047610e-01	7.409390e-01	3.817077e-04	1.529971e-01	1.795768e-08	6.364747e-05	4.971402e-09	1.145258e-06	2.415919e-10	4.618280e-22	
2.500000e+03	1.000000e+04	4.111234e-12	1.888693e-11	4.706565e-04	4.402209e-08	7.013519e-02	7.727451e-01	3.949231e-04	1.557930e-01	7.440885e-09	6.481852e-05	5.885163e-09	4.438574e-07	9.355313e-11	8.498718e-23	
2.400000e+03	1.000000e+04	1.302093e-12	3.190763e-11	4.767695e-04	4.659876e-08	4.507146e-02	7.957676e-01	4.040035e-04	1.578172e-01	2.856702e-09	6.566383e-05	6.878186e-09	1.593856e-07	3.363397e-11	1.368329e-23	
2.300000e+03	1.000000e+04	3.704095e-13	5.473218e-11	4.810006e-04	4.951178e-08	2.772260e-02	8.117035e-01	4.101468e-04	1.592183e-01	1.007065e-09	6.624770e-05	7.987946e-09	5.252421e-08	1.112607e-11	1.896252e-24	
2.200000e+03	1.000000e+04	9.343951e-14	9.644725e-11	4.837962e-04	5.290196e-08	1.625545e-02	8.222365e-01	4.142795e-04	1.601446e-01	3.224826e-10	6.663303e-05	9.271682e-09	1.569584e-08	3.346517e-12	2.214431e-25	
2.100000e+03	1.000000e+04	2.058529e-14	1.766830e-10	4.855531e-04	5.692631e-08	9.038828e-03	8.288651e-01	4.170518e-04	1.607279e-01	9.258464e-11	6.687480e-05	1.081172e-08	4.191788e-09	9.017796e-13	2.122700e-26	
2.000000e+03	1.000000e+04	3.888055e-15	3.406410e-10	4.865976e-04	6.176995e-08	4.734115e-03	8.328196e-01	4.188426e-04	1.610754e-01	2.345700e-11	6.701790e-05	1.272578e-08	9.829576e-10	2.137896e-13	1.617537e-27	
1.900000e+03	1.000000e+04	6.224857e-16	7.082677e-10	4.871803e-04	6.690424e-08	2.315616e-03	8.350479e-01	4.150785e-04	1.612720e-01	5.144132e-12	6.709820e-05	1.518596e-08	1.958748e-10	4.264376e-14	9.109943e-29	
1.800000e+03	1.000000e+04	8.030211e-17	1.575084e-09	4.874758e-04	7.408034e-08	1.046460e-03	8.362183e-01	4.151716e-04	1.613738e-01	9.535227e-13	6.713912e-05	1.845140e-08	3.305497e-11	7.290402e-15	3.871004e-30	
1.700000e+03	1.000000e+04	8.227345e-18	3.887869e-09	4.876220e-04	8.226943e-08	4.310625e-04	8.367910e-01	4.104300e-04	1.614251e-01	1.450584e-13	6.715966e-05	2.293030e-08	4.481851e-12	9.921889e-16	1.101048e-31	
1.600000e+03	1.000000e+04	6.404008e-19	1.085933e-08	4.876515e-04	9.180928e-08	1.591175e-04	8.370736e-01	4.008245e-04	1.614301e-01	1.744970e-14	6.712819e-05	2.928473e-08	4.692386e-13	1.032560e-16	1.951840e-33	
1.500000e+03	1.000000e+04	5.343223e-20	5.248571e-08	4.876744e-04	6.916509e-08	5.150772e-05	8.374044e-01	2.589485e-04	1.614737e-01	1.585480e-15	6.717730e-05	3.871130e-08	2.417379e-14	3.506461e-18	5.927440e-36	
1.400000e+03	1.000000e+04	2.541687e-21	2.585121e-07	4.874899e-04	6.164469e-08	1.421601e-05	8.375635e-01	1.931268e-04	1.614819e-01	1.023458e-16	6.716650e-05	5.326866e-08	1.004146e-15	1.112069e-19	1.466353e-38	
1.300000e+03	1.000000e+04	5.359103e-23	1.153306e-06	4.866570e-04	7.619902e-08	3.225037e-06	8.375632e-01	1.940012e-04	1.614932e-01	4.340720e-18	6.716264e-05	7.705463e-08	3.612678e-17	4.131172e-21	4.053595e-41	
1.200000e+03	1.000000e+04	5.755599e-25	6.403416e-06	4.813715e-04	9.911200e-08	5.727959e-07	8.375598e-01	1.992461e-04	1.614946e-01	1.088973e-19	6.714183e-05	1.186314e-07	7.653390e-19	9.284762e-23	4.503828e-44	
1.100000e+03	1.000000e+04	2.250595e-27	4.032229e-05	4.474461e-04	1.446493e-07	7.452502e-08	8.375159e-01	2.328052e-04	1.615062e-01	1.400774e-21	6.710800e-05	1.976450e-07	9.144475e-21	1.347604e-24	2.124545e-47	
1.000000e+03	1.000000e+04	1.524393e-30	1.923905e-04	2.954937e-04	2.256300e-07	6.472231e-09	8.373155e-01	3.842747e-04	1.615550e-01	7.563032e-24	6.704538e-05	3.645359e-07	6.205262e-23	1.582971e-26	5.619758e-51	
9.000000e+02	1.000000e+04	6.852280e-35	4.351399e-04	5.310451e-05	1.029529e-07	3.281335e-10	8.369959e-01	6.272136e-04	1.616338e-01	1.283345e-26	6.687670e-05	7.688998e-07	1.236887e-25	5.465226e-29	1.671825e-55	
8.000000e+02	1.000000e+04	1.022769e-40	4.869109e-04	1.488434e-06	5.446597e-09	7.947162e-12	8.369271e-01	6.791094e-04	1.616512e-01	4.429264e-30	6.629643e-05	1.944342e-06	3.086923e-29	1.592965e-32	7.552817e-62	
7.000000e+02	1.000000e+04	2.903934e-48	4.883950e-04	1.208359e-08	9.087286e-11	6.711007e-14	8.369227e-01	6.806023e-04	1.616520e-01	1.561404e-34	6.412056e-05	6.296154e-06	6.614546e-34	3.782128e-37	3.995351e-70	
6.000000e+02	1.000000e+04	2.569834e-58	4.884230e-04	2.050926e-11	4.029996e-13	1.170941e-16	8.369067e-01	6.806340e-04	1.616575e-01	1.703855e-40	5.340259e-05	2.773673e-05	4.025605e-40	2.646745e-43	3.815971e-81	
5.000000e+02	1.000000e+04	2.286555e-72	4.884628e-04	2.985414e-15	2.251267e-16	1.651668e-20	8.368511e-01	6.806929e-04	1.616708e-01	4.092091e-49	1.130081e-05	1.119525e-04	8.374710e-49	6.771322e-52	1.840591e-90	
4.000000e+02	1.000000e+04	1.840620e-90	4.884553e-04	6.518089e-21	3.665046e-21	2.911179e-26	8.368373e-01	6.807062e-04	1.616734e-01	8.042548e-63	2.813932e-08	1.344988e-04	8.757713e-62	9.900686e-65	1.840620e-90	
3.000000e+02	1.000000e+04	1.840613e-90	4.884667e-04	4.363290e-30	6.731064e-29	8.503921e-36	8.368379e-01	6.806914e-04	1.616728e-01	1.175098e-85	1.074896e-12	1.344517e-04	2.618386e-83	5.539010e-86	1.840613e-90	
2.000000e+02	1.000000e+04	1.840623e-90	4.884623e-04	1.928758e-47	1.882026e-43	1.148119e-54	8.368382e-01	6.792358e-04	1.616737e-01	1.840623e-90	8.381939e-21	1.344525e-04	1.840623e-90	1.840623e-90	1.840623e-90	
1.000000e+02	1.000000e+04	1.840688e-90	4.884424e-04	1.840688e-90	9.881318e-80	1.840688e-90	8.368327e-01	6.793121e-04	1.616797e-01	1.840688e-90	3.263514e-39	1.344477e-04	1.840688e-90	1.840688e-90	1.840688e-90	

1.000000e+03

3.000000e+03	1.000000e+03	5.290799e-10	2.464532e-15	3.173378e-04	1.393458e-08	6.984955e-01	1.955707e-01	5.647607e-05	1.050369e-01	9.129475e-07	4.319539e-05	4.049457e-11	1.479961e-04	1.709638e-08	2.138723e-19	
2.900000e+03	1.000000e+03	1.811055e-10	5.211451e-15	3.395170e-04	2.140504e-08	6.076184e-01	2.790434e-01	1.123155e-04	1.123801e-01	4.862180e-07	4.647081e-05	7.676799e-11	1.020251e-04	1.651211e-08	1.658822e-19	
2.800000e+03	1.000000e+03	6.754826e-11	1.159252e-14	3.652323e-04	2.890072e-08	5.022483e-01	3.758278e-01	1.837116e-04	1.208938e-01	2.473856e-07	5.014542e-05	1.344232e-10	5.830493e-05	1.152395e-08	7.790716e-20	
2.700000e+03	1.000000e+03	2.639986e-11	2.615263e-14	3.919196e-04	3.489279e-08	3.928871e-01	4.762794e-01	2.525261e-04	1.297286e-01	1.192059e-07	5.389920e-05	2.157559e-10	2.815756e-05	6.073163e-09	2.363083e-20	
2.600000e+03	1.000000e+03	1.016151e-11	5.728046e-14	4.168699e-04	3.930373e-08	2.906214e-01	5.702152e-01	3.073873e-04	1.379883e-01	5.391835e-08	5.737910e-05	3.186762e-10	1.198401e-05	2.645329e-09	5.291468e-21	
2.500000e+03	1.000000e+03	3.666339e-12	1.192760e-13	4.381339e-04	4.277753e-08	2.034553e-01	6.502824e-01	3.469130e-04	1.450274e-01	2.270094e-08	6.033058e-05	4.383048e-10	4.633251e-06	1.019396e-09	9.666749e-22	
2.400000e+03	1.000000e+03	1.203012e-12	2.368109e-13	4.548488e-04	4.590537e-08	1.349340e-01	7.132236e-01	3.738998e-04	1.505605e-01	8.823495e-09	6.264377e-05	5.700451e-10	1.645810e-06	3.586239e-10	1.506546e-22	
2.300000e+03	1.000000e+03	3.523455e-13	4.555589e-13	4.670786e-04	4.908069e-08	8.478867e-02	7.592855e-01	3.916560e-04	1.546095e-01	3.138271e-09	6.433343e-05	7.121631e-10	5.361884e-07	1.159465e-10	2.017295e-23	
2.200000e+03	1.000000e+03	9.079676e-14	8.670347e-13	4.754611e-04	5.258200e-08	5.041394e-02	7.908608e-01	4.030042e-04	1.573853e-01	1.010998e-09	6.549037e-05	8.670767e-10	1.587440e-07	3.423091e-11	2.290870e-24	
2.100000e+03	1.000000e+03	2.028831e-14	1.667885e-12	4.808581e-04	5.664801e-08	2.827697e-02	8.111948e-01	4.101310e-04	1.591732e-01	2.913739e-10	6.623473e-05	1.041762e-09	4.212023e-08	9.105068e-12	2.153589e-25	
2.000000e+03	1.000000e+03	3.863805e-15	3.309786e-12	4.841217e-04	6.152670e-08	1.488654e-02	8.234947e-01	4.146318e-04	1.602546e-01	7.399291e-11	6.668471e-05	1.248151e-09	9.840936e-09	2.142842e-12	1.623153e-26	
1.900000e+03	1.000000e+03	6.139265e-16	6.908760e-12	4.859676e-04	6.749969e-08	7.302480e-03	8.304607e-01	4.175115e-04	1.608677e-01	1.624790e-11	6.693935e-05	1.504317e-09	1.981112e-09	4.362309e-13	9.425560e-28	
1.800000e+03	1.000000e+03	8.048006e-17	1.570753e-11	4.869288e-04	7.375077e-08	3.305091e-03	8.341439e-01	4.127624e-04	1.611899e-01	3.013864e-12	6.707501e-05	1.837400e-09	3.294488e-10	7.241921e-14	3.832455e-29	
1.700000e+03	1.000000e+03	8.125309e-18	3.831744e-11	4.874013e-04	8.322718e-08	1.362438e-03	8.359294e-01	4.149684e-04	1.613471e-01	4.586379e-13	6.713707e-05	2.289103e-09	4.536082e-11	1.016345e-14	1.141501e-30	
1.600000e+03	1.000000e+03	6.253758e-19	1.059575e-10	4.876003e-04	9.399533e-08	5.030690e-04	8.367259e-01	4.102410e-04	1.614189e-01	5.519764e-14	6.716918e-05	2.927544e-09	4.804616e-12	1.082544e-15	2.095268e-32	
1.500000e+03	1.000000e+03	3.691607e-20	3.623896e-10	4.876294e-04	1.000909e-07	1.628558e-04	8.371372e-01	3.746472e-04	1.614062e-01	5.012943e-15	6.715620e-05	3.868668e-09	3.498586e-13	7.344539e-17	1.796844e-34	
1.400000e+03	1.000000e+03	2.138712e-21	2.174520e-09	4.879722e-04	7.340477e-08	4.495114e-05	8.374211e-01	2.297036e-04	1.614901e-01	3.237740e-16	6.721977e-05	5.327619e-09	1.194527e-14	1.573730e-18	2.468517e-37	
1.300000e+03	1.000000e+03	5.425964e-23	1.167678e-08	4.878296e-04	7.562317e-08	1.019842e-05	8.375569e-01	1.920708e-04	1.614938e-01	1.372952e-17	6.719159e-05	7.707037e-09	3.576758e-16	4.049431e-20	3.933882e-40	
1.200000e+03	1.000000e+03	6.054998e-25	6.736254e-08	4.878319e-04	9.675699e-08	1.811322e-06	8.375434e-01	1.919321e-04	1.615164e-01	3.445313e-19	6.720731e-05	1.186858e-08	7.372589e-18	8.615952e-22	4.026062e-43	
1.100000e+03	1.000000e+03	2.966876e-27	5.316213e-07	4.872516e-04	1.301186e-07	2.356762e-07	8.375687e-01	1.923227e-04	1.614932e-01	4.432428e-21	6.719261e-05	1.977883e-08	7.553863e-20	9.195666e-24	1.197560e-46	
1.000000e+03	1.000000e+03	4.845659e-30	6.119233e-06	4.816181e-04	1.885602e-07	2.047002e-08	8.375637e-01	1.970920e-04	1.614945e-01	2.394127e-23	6.718485e-05	3.650772e-08	3.181696e-22	4.161694e-26	7.575536e-51	
9.000000e+02	1.000000e+03	1.231700e-33	7.830460e-05	4.093525e-04	3.403305e-07	1.037943e-09	8.374681e-01	2.691266e-04	1.615179e-01	4.067321e-26	6.717446e-05	7.712607e-08	5.304286e-25	1.005082e-28	1.318500e-55	
8.000000e+02	1.000000e+03	8.131651e-39	3.872500e-04	1.007417e-04	3.138223e-07	2.513313e-11	8.370615e-01	5.782133e-04	1.616186e-01	1.409709e-29	6.715628e-05	1.957384e-07	2.627870e-28	1.154418e-31	4.659553e-61	
7.000000e+02	1.000000e+03	2.896761e-46	4.872026e-04	1.201650e-06	9.008898e-09	2.122220e-13	8.369338e-01	6.785080e-04	1.616458e-01	5.044629e-34	6.693073e-05	6.432778e-07	6.594099e-33	3.758784e-36	3.958420e-69	
6.000000e+02	1.000000e+03	2.569604e-56	4.883999e-04	2.047965e-09	4.018725e-11	3.702886e-16	8.369257e-01	6.797275e-04	1.616514e-01	5.977688e-40	6.572989e-05	3.077298e-06	4.020158e-39	2.639584e-42	3.800491e-80	
5.000000e+02	1.000000e+03	2.286009e-70	4.884205e-04	2.980297e-13	2.244093e-14	5.223210e-20	8.369112e-01	6.797373e-04	1.616554e-01	2.852887e-48	5.492753e-05	2.468440e-05	8.362318e-48	6.751326e-51	1.840414e-90	
4.000000e+02	1.000000e+03	1.840628e-90	4.884913e-04	6.509944e-19	3.655676e-19	9.205951e-26	8.368399e-01	6.798174e-04	1.616742e-01	2.445912e-61	2.602613e-06	1.293511e-04	8.746215e-61	9.874746e-64	1.840628e-90	
3.000000e+02	1.000000e+03	1.840617e-90	4.884839e-04	4.357771e-28	6.713788e-27	2.689179e-35	8.368383e-01	6.798045e-04	1.616732e-01	3.718679e-84	1.076452e-10	1.345488e-04	2.614979e-82	5.524592e-85	1.840617e-90	
2.000000e+02	1.000000e+03	1.840612e-90	4.884571e-04	1.926191e-45	1.877056e-41	3.630669e-54	8.368399e-01	6.783464e-04	1.616728e-01	1.840612e-90	8.380769e-19	1.344439e-04	1.840612e-90	1.840612e-90	1.840612e-90	
1.000000e+02	1.000000e+03	1.840554e-90	4.884261e-04	1.807269e-89	9.851795e-78	1.840554e-90	8.368452e-01	6.783237e-04	1.616682e-01	1.840554e-90	3.263664e-37	1.344529e-04	1.840554e-90	1.840554e-90	1.840554e-90	

1.000000e+02

3.000000e+03	1.000000e+02	2.959605e-09	3.438204e-18	2.735935e-04	1.851608e-09	8.777784e-01	3.088491e-02	1.374606e-06	9.055523e-02	2.647789e-06	3.633394e-05	2.330762e-13	2.280981e-04	4.061133e-09	7.830134e-21	
2.900000e+03	1.000000e+02	7.068756e-10	7.852895e-18	2.799549e-04	3.728701e-09	8.517182e-01	5.482790e-02	4.662133e-06	9.266043e-02	1.387365e-06	3.783549e-05	6.033017e-13	2.155372e-04	7.369409e-09	1.564030e-20	
2.800000e+03	1.000000e+02	1.601065e-10	1.822666e-17	2.911002e-04	7.745695e-09	8.060316e-01	9.679570e-02	1.591044e-05	9.635055e-02	6.961733e-07	3.971157e-05	1.563572e-12	1.960576e-04	1.303042e-08	2.962188e-20	
2.700000e+03	1.000000e+02	3.704182e-11	4.412221e-17	3.092571e-04	1.548426e-08	7.316116e-01	1.651534e-01	4.924518e-05	1.023628e-01	3.343075e-07	4.239154e-05	3.907054e-12	1.583532e-04	1.920786e-08	4.203150e-20	
2.600000e+03	1.000000e+02	9.735581e-12	1.171128e-16	3.353648e-04	2.654996e-08	6.246350e-01	2.634123e-01	1.192329e-04	1.110073e-01	1.528044e-07	4.608418e-05	8.966943e-12	1.006272e-04	1.865117e-08	3.132678e-20	
2.500000e+03	1.000000e+02	3.002807e-12	3.395677e-16	3.672417e-04	3.669538e-08	4.940132e-01	3.833904e-01	2.093198e-04	1.215613e-01	6.569790e-08	5.053040e-05	1.815903e-11	4.741724e-05	1.067687e-08	1.036172e-20	
2.400000e+03	1.000000e+02	9.829147e-13	9.768637e-16	4.000184e-04	4.345537e-08	3.596812e-01	5.067792e-01	2.859667e-04	1.324121e-01	2.616267e-08	5.507580e-05	3.201403e-11	1.771522e-05	4.155021e-09	1.878812e-21	
2.300000e+03	1.000000e+02	3.031421e-13	2.574980e-15	4.288755e-04	4.809675e-08	2.413936e-01	6.154332e-01	3.388008e-04	1.419646e-01	9.509065e-09	5.906516e-05	4.979556e-11	5.722438e-06	1.320641e-09	2.452227e-22	
2.200000e+03	1.000000e+02	8.245856e-14	6.159098e-15	4.511849e-04	5.213759e-08	1.499268e-01	6.994515e-01	3.724272e-04	1.493501e-01	3.114328e-09	6.214496e-05	7.025192e-11	1.658713e-06	3.737376e-10	2.613503e-23	
2.100000e+03	1.000000e+02	1.919995e-14	1.377398e-14	4.666708e-04	5.637904e-08	8.642557e-02	7.577821e-01	3.928993e-04	1.544772e-01	9.077138e-10	6.428103e-05	9.266081e-11	4.319464e-07	9.575507e-11	2.322634e-24	
2.000000e+03	1.000000e+02	3.758001e-15	2.997893e-14	4.764696e-04	6.127497e-08	4.624476e-02	7.946910e-01	4.048917e-04	1.577216e-01	2.321321e-10	6.563212e-05	1.173865e-10	9.958076e-08	2.194159e-11	1.681808e-25	
1.900000e+03	1.000000e+02	6.069308e-16	6.596524e-14	4.821614e-04	6.721239e-08	2.289252e-02	8.161413e-01	4.117912e-04	1.596075e-01	5.117956e-11	6.641706e-05	1.459848e-10	1.988253e-08	4.393810e-12	9.527840e-27	
1.800000e+03	1.000000e+02	7.896649e-17	1.517145e-13	4.852029e-04	7.463245e-08	1.041058e-02	8.276060e-01	4.158973e-04	1.606166e-01	9.513720e-12	6.683654e-05	1.812609e-10	3.345735e-09	7.468968e-13	4.014091e-28	
1.700000e+03	1.000000e+02	8.179980e-18	3.832685e-13	4.866735e-04	8.242422e-08	4.301450e-03	8.332329e-01	4.102518e-04	1.611080e-01	1.449338e-12	6.704440e-05	2.276465e-10	4.499033e-10	9.998115e-14	1.113761e-29	
1.600000e+03	1.000000e+02	6.175759e-19	1.043839e-12	4.873363e-04	9.507943e-08	1.589886e-03	8.357181e-01	4.146973e-04	1.613312e-01	1.745034e-13	6.713307e-05	2.921468e-10	4.862669e-11	1.108861e-14	2.172134e-31	
1.500000e+03	1.000000e+02	3.370846e-20	3.305681e-12	4.875891e-04	1.095972e-07	5.148651e-04	8.367148e-01	4.100568e-04	1.614189e-01	1.585396e-14	6.717011e-05	3.866141e-10	3.831186e-12	8.807363e-16	2.359568e-33	
1.400000e+03	1.000000e+02	1.460693e-21	1.484202e-11	4.877588e-04	1.073835e-07	1.421253e-04	8.371538e-01	3.360721e-04	1.614739e-01	1.023662e-15	6.719334e-05	5.324023e-10	1.748233e-13	3.370828e-17	7.738303e-36	
1.300000e+03	1.000000e+02	5.071637e-23	1.091179e-10	4.877201e-04	8.087021e-08	3.224847e-05	8.374634e-01	2.054207e-04	1.614820e-01	4.342204e-17	6.720847e-05	7.706702e-10	3.825793e-15	4.632945e-19	4.814107e-39	
1.200000e+03	1.000000e+02	6.066999e-25	6.749916e-10	4.878332e-04	9.656615e-08	5.727967e-06	8.375627e-01	1.915574e-04	1.614932e-01	1.089460e-18	6.720194e-05	1.186851e-09	7.358026e-17	8.581948e-21	4.002252e-42	
1.100000e+03	1.000000e+02	2.977257e-27	5.334813e-09	4.877844e-04	1.299487e-07	7.452743e-07	8.375696e-01	1.918619e-04	1.614921e-01	1.401749e-20	6.720135e-05	1.978013e-09	7.535765e-19	9.151648e-23	1.188971e-45	
1.000000e+03	1.000000e+02	5.061839e-30	6.392304e-08	4.876805e-04	1.850801e-07	6.473220e-08	8.375701e-01	1.910511e-04	1.614941e-01	7.571827e-23	6.720129e-05	3.651253e-09	3.084158e-21	3.910437e-25	6.899946e-50	
9.000000e+02	1.000000e+02	2.049858e-33	1.303501e-06	4.863347e-04	2.886406e-07	3.282461e-09	8.375693e-01	1.921445e-04	1.614939e-01	1.286437e-25	6.719928e-05	7.715430e-09	3.786567e-24	5.121992e-28	4.796633e-55	
8.000000e+02	1.000000e+02	8.913830e-38	4.249618e-05	4.449152e-04	5.583852e-07	7.949961e-11	8.375176e-01	2.330810e-04	1.615071e-01	4.459294e-29	6.719850e-05	1.959599e-08	1.058733e-27	1.873819e-31	3.047131e-61	
7.000000e+02	1.000000e+02	2.385944e-44	4.013925e-04	8.636093e-05	5.649410e-07	6.711492e-13	8.370432e-01	5.921117e-04	1.616232e-01	1.598762e-33	6.722551e-05	6.448182e-08	5.753712e-32	2.861752e-35	2.629653e-68	
6.000000e+02	1.000000e+02	2.568494e-54	4.881896e-04	2.046402e-07	4.014328e-09	1.170958e-15	8.369282e-01	6.795043e-04	1.616506e-01	1.910100e-39	6.711313e-05	3.109516e-07	4.018835e-38	2.637841e-41	3.796724e-79	
5.000000e+02	1.000000e+02	2.285779e-68	4.883848e-04	2.979861e-11	2.243662e-12	1.651742e-19	8.369262e-01	6.797184e-04	1.616514e-01	9.882943e-48	6.591611e-05	2.704165e-06	8.361969e-47	6.750736e-50	1.840371e-90	
4.000000e+02	1.000000e+02	2.178599e-89	4.884230e-04	6.507168e-17	3.653520e-17	2.911273e-25	8.368933e-01	6.797497e-04	1.616598e-01	3.087031e-60	4.145807e-05	5.163101e-05	8.744805e-60	9.871540e-63	1.840466e-90	
3.000000e+02	1.000000e+02	1.840627e-90	4.884876e-04	4.357937e-26	6.714210e-25	8.503934e-35	8.368373e-01	6.798204e-04	1.616742e-01	1.175822e-82	1.076216e-08	1.345335e-04	2.615048e-81	5.524874e-84	1.840627e-90	
2.000000e+02	1.000000e+02	1.840577e-90	4.884694e-04	1.926237e-43	1.877102e-39	1.148123e-53	8.368431e-01	6.783491e-04	1.616696e-01	1.840577e-90	8.380400e-17	1.344412e-04	1.840577e-90	1.840577e-90	1.840577e-90	
1.000000e+02	1.000000e+02	1.840551e-90	4.884049e-04	1.807311e-87	9.852532e-76	1.840551e-90	8.368457e-01	6.783592e-04	1.616677e-01	1.840551e-90	3.263057e-35	1.344394e-04	1.840551e-90	1.840551e-90	1.840551e-90	

1.000000e+01

3.000000e+03	1.000000e+01	2.591074e-08	3.443269e-21	2.662427e-04	2.002844e-10	9.077853e-01	3.303261e-03	1.634183e-08	8.812945e-02	7.942549e-06	3.269381e-05	7.733379e-16	2.535406e-04	5.017633e-10	1.075342e-22	
2.900000e+03	1.000000e+01	5.969488e-09	8.440697e-21	2.670307e-04	4.017075e-10	9.046580e-01	6.185556e-03	5.940745e-08	8.838363e-02	4.199649e-06	3.466922e-05	2.188380e-15	2.434453e-04	9.401365e-10	2.253629e-22	
2.800000e+03	1.000000e+01	1.244697e-09	2.186071e-20	2.685870e-04	8.481854e-10	8.983132e-01	1.202285e-02	2.345423e-07	8.889750e-02	2.094154e-06	3.593352e-05	6.510823e-15	2.326867e-04	1.835414e-09	4.951949e-22	
2.700000e+03	1.000000e+01	2.297916e-10	5.863171e-20	2.718138e-04	1.928201e-09	8.850932e-01	2.417154e-02	1.021153e-06	8.996573e-02	9.867082e-07	3.692872e-05	2.041819e-14	2.243557e-04	3.855662e-09	1.195377e-21	
2.600000e+03	1.000000e+01	3.793709e-11	1.619936e-19	2.785740e-04	4.701193e-09	8.573814e-01	4.962854e-02	4.788647e-06	9.220385e-02	4.395295e-07	3.812909e-05	6.670218e-14	2.145045e-04	8.475165e-09	3.034442e-21	
2.500000e+03	1.000000e+01	5.946862e-12	4.660378e-19	2.921951e-04	1.172986e-08	8.015344e-01	1.009273e-01	2.213798e-05	9.671458e-02	1.851409e-07	4.012865e-05	2.185719e-13	1.905008e-04	1.723316e-08	6.719131e-21	
2.400000e+03	1.000000e+01	1.035975e-12	1.489960e-18	3.165967e-04	2.582635e-08	7.015274e-01	1.927847e-01	8.168874e-05	1.047956e-01	7.356669e-08	4.354708e-05	6.679131e-13	1.330270e-04	2.342931e-08	7.955414e-21	
2.300000e+03	1.000000e+01	2.377456e-13	5.682894e-18	3.521180e-04	4.133933e-08	5.559785e-01	3.264717e-01	1.881481e-04	1.165574e-01	2.724086e-08	4.847271e-05	1.742893e-12	5.990620e-05	1.447326e-08	2.813408e-21	
2.200000e+03	1.000000e+01	6.429849e-14	2.237182e-17	3.922070e-04	5.052512e-08	3.916826e-01	4.773833e-01	2.833653e-04	1.298288e-01	9.181443e-09	5.401309e-05	3.692914e-12	1.849129e-05	4.644706e-09	3.620846e-22	
2.100000e+03	1.000000e+01	1.623111e-14	7.585671e-17	4.278583e-04	5.605938e-08	2.455353e-01	6.116283e-01	3.439266e-04	1.416307e-01	2.748429e-09	5.893239e-05	6.433490e-12	4.684585e-06	1.126275e-09	2.962815e-23	
2.000000e+03	1.000000e+01	3.417261e-15	2.177113e-16	4.540252e-04	6.118590e-08	1.382447e-01	7.101827e-01	3.791703e-04	1.502931e-01	7.165667e-10	6.254018e-05	9.680488e-12	1.043516e-06	2.409434e-10	1.935294e-24	
1.900000e+03	1.000000e+01	5.790701e-16	5.638290e-16	4.705629e-04	6.709771e-08	7.042930e-02	7.724763e-01	3.986852e-04	1.557684e-01	1.598856e-10	6.481953e-05	1.328008e-11	2.033782e-07	4.597348e-11	1.019750e-25	
1.800000e+03	1.000000e+01	7.746395e-17	1.416153e-15	4.798059e-04	7.439699e-08	3.251482e-02	8.073032e-01	4.089635e-04	1.588301e-01	2.991738e-11	6.609375e-05	1.736589e-11	3.372693e-08	7.589818e-12	4.111908e-27	
1.700000e+03	1.000000e+01	7.978990e-18	3.662690e-15	4.844283e-04	8.372262e-08	1.353288e-02	8.247404e-01	4.143787e-04	1.603621e-01	4.572507e-12	6.673159e-05	2.236513e-11	4.591087e-09	1.041143e-12	1.183533e-28	
1.600000e+03	1.000000e+01	6.237665e-19	1.046388e-14	4.864937e-04	9.381056e-08	5.018199e-03	8.325752e-01	4.083303e-04	1.610513e-01	5.513541e-13	6.701775e-05	2.902507e-11	4.806084e-10	1.083204e-13	2.097185e-30	
1.500000e+03	1.000000e+01	3.332283e-20	3.259849e-14	4.872982e-04	1.107332e-07	1.627147e-03	8.356881e-01	4.140460e-04	1.613250e-01	5.012112e-14	6.713396e-05	3.857989e-11	3.873210e-11	9.001638e-15	2.438069e-32	
1.400000e+03	1.000000e+01	1.202189e-21	1.220456e-13	4.875702e-04	1.303731e-07	4.493404e-04	8.367837e-01	4.079986e-04	1.614181e-01	3.236459e-15	6.716655e-05	5.319427e-11	2.123332e-12	4.972486e-16	1.386440e-34	
1.300000e+03	1.000000e+01	3.370497e-23	7.247165e-13	4.881238e-04	1.218881e-07	1.019625e-04	8.371994e-01	3.092579e-04	1.615122e-01	1.373084e-16	6.720445e-05	7.702831e-11	5.761490e-14	1.050713e-17	1.644206e-37	
1.200000e+03	1.000000e+01	5.977041e-25	6.648812e-12	4.877308e-04	9.797836e-08	1.811271e-05	8.374976e-01	1.943845e-04	1.614747e-01	3.445075e-18	6.719809e-05	1.186680e-10	7.467193e-16	8.838497e-20	4.183054e-41	
1.100000e+03	1.000000e+01	2.977282e-27	5.334841e-11	4.877664e-04	1.299379e-07	2.356763e-06	8.375685e-01	1.918529e-04	1.614911e-01	4.432872e-20	6.720598e-05	1.978076e-10	7.535424e-18	9.150816e-22	1.188809e-44	
1.000000e+03	1.000000e+01	5.062015e-30	6.392541e-10	4.877380e-04	1.851174e-07	2.047011e-07	8.375703e-01	1.910670e-04	1.614930e-01	2.394439e-22	6.720229e-05	3.651285e-10	3.084412e-20	3.911084e-24	6.901660e-49	
9.000000e+02	1.000000e+01	2.069129e-33	1.315764e-08	4.876237e-04	2.874702e-07	1.038007e-08	8.375720e-01	1.908601e-04	1.614924e-01	4.068139e-25	6.720153e-05	7.715598e-10	3.761243e-23	5.053712e-27	4.701041e-54	
8.000000e+02	1.000000e+01	1.189193e-37	5.670108e-07	4.868577e-04	5.011820e-07	2.514080e-10	8.375705e-01	1.911926e-04	1.614936e-01	1.410185e-28	6.720151e-05	1.959826e-09	8.684079e-27	1.260671e-30	1.681521e-60	
7.000000e+02	1.000000e+01	2.976589e-43	5.013138e-05	4.366868e-04	1.157844e-06	2.122950e-12	8.375080e-01	2.401258e-04	1.615109e-01	5.055005e-33	6.720620e-05	6.452623e-09	2.332074e-31	4.701327e-35	1.750979e-68	
6.000000e+02	1.000000e+01	2.467031e-52	4.689321e-04	1.908763e-05	3.636126e-07	3.702947e-15	8.369520e-01	6.598870e-04	1.616465e-01	6.046459e-39	6.725087e-05	3.112841e-08	3.902698e-37	2.487588e-40	3.476993e-78	
5.000000e+02	1.000000e+01	2.285856e-66	4.884040e-04	2.980012e-09	2.243813e-10	5.223265e-19	8.369271e-01	6.797307e-04	1.616518e-01	3.153946e-47	6.713181e-05	2.728997e-07	8.362097e-46	6.750954e-49	1.840373e-90	
4.000000e+02	1.000000e+01	2.178393e-87	4.884104e-04	6.506093e-15	3.652657e-15	9.206413e-25	8.369220e-01	6.797247e-04	1.616538e-01	1.213477e-59	6.406044e-05	6.418349e-06	8.744185e-59	9.870140e-62	1.840395e-90	
3.000000e+02	1.000000e+01	1.840620e-90	4.884542e-04	4.357508e-24	6.713459e-23	2.689175e-34	8.368391e-01	6.798129e-04	1.616734e-01	3.661167e-81	1.043418e-06	1.324690e-04	2.614997e-80	5.524693e-83	1.840620e-90	
2.000000e+02	1.000000e+01	1.840647e-90	4.884684e-04	1.926363e-41	1.877344e-37	3.630658e-53	8.368367e-01	6.783871e-04	1.616759e-01	1.840647e-90	8.381887e-15	1.344524e-04	1.840647e-90	1.840647e-90	1.840647e-90	
1.000000e+02	1.000000e+01	5.994713e-05	1.114673e-06	3.497935e-08	4.588138e-07	9.116035e-01	3.842344e-09	4.845691e-08	8.787900e-02	2.848890e-05	1.401617e-08	1.115292e-07	2.491552e-04	2.463066e-09	2.682669e-09	

1.000000e+00

3.000000e+03	1.000000e+00	2.487136e-07	3.352280e-24	2.652266e-04	2.070647e-11	9.110048e-01	3.326732e-04	1.708030e-10	8.786676e-02	2.217138e-05	2.547599e-05	2.181798e-18	2.631282e-04	5.404286e-11	1.202004e-24	
2.900000e+03	1.000000e+00	5.550500e-08	8.059743e-24	2.655002e-04	4.270926e-11	9.106916e-01	6.268341e-04	6.437589e-10	8.789324e-02	1.242738e-05	3.035829e-05	6.606177e-18	2.603213e-04	1.074998e-10	2.755547e-24	
2.800000e+03	1.000000e+00	1.129321e-08	2.089041e-23	2.657081e-04	9.149064e-11	9.100392e-01	1.233877e-03	2.624533e-09	8.794759e-02	6.384696e-06	3.340125e-05	2.063785e-17	2.537101e-04	2.182058e-10	6.419107e-24	
2.700000e+03	1.000000e+00	2.082093e-09	5.900302e-23	2.660688e-04	2.039065e-10	9.086209e-01	2.547369e-03	1.162612e-08	8.806414e-02	3.042863e-06	3.511979e-05	6.812282e-17	2.423780e-04	4.499991e-10	1.507211e-23	
2.600000e+03	1.000000e+00	3.361715e-10	1.784930e-22	2.668667e-04	4.868763e-10	9.053797e-01	5.534072e-03	5.772753e-08	8.832727e-02	1.351924e-06	3.607319e-05	2.415873e-16	2.318960e-04	9.905167e-10	3.833975e-23	
2.500000e+03	1.000000e+00	4.610344e-11	5.682851e-22	2.687594e-04	1.280055e-09	8.976289e-01	1.265779e-02	3.294069e-07	8.895386e-02	5.601075e-07	3.672762e-05	9.287270e-16	2.260173e-04	2.425800e-09	1.122144e-22	
2.400000e+03	1.000000e+00	5.402711e-12	1.910827e-21	2.734241e-04	3.693698e-09	8.784983e-01	3.023186e-02	2.121399e-06	9.049879e-02	2.159956e-07	3.753929e-05	3.850985e-15	2.202966e-04	6.425331e-09	3.612989e-22	
2.300000e+03	1.000000e+00	5.689333e-13	6.814927e-21	2.847997e-04	1.130100e-08	8.318476e-01	7.308311e-02	1.423553e-05	9.426652e-02	7.743919e-08	3.917215e-05	1.659464e-14	2.024763e-04	1.653374e-08	1.086275e-21	
2.200000e+03	1.000000e+00	6.627521e-14	2.791298e-20	3.095026e-04	3.052494e-08	7.305886e-01	1.660904e-01	7.547837e-05	1.024488e-01	2.578544e-08	4.260162e-05	6.730519e-14	1.415682e-04	2.722422e-08	1.624822e-21	
2.100000e+03	1.000000e+00	1.180030e-14	1.516324e-19	3.505844e-04	5.177127e-08	5.622474e-01	3.207115e-01	2.032547e-04	1.160532e-01	7.866576e-09	4.827876e-05	2.210995e-13	5.279821e-05	1.430672e-08	4.241781e-22	
2.000000e+03	1.000000e+00	2.622185e-15	8.286221e-19	3.982515e-04	6.135091e-08	3.668774e-01	5.001672e-01	3.052611e-04	1.318332e-01	2.122194e-09	5.485498e-05	5.358502e-13	1.192865e-05	3.148469e-09	2.890836e-23	
1.900000e+03	1.000000e+00	4.989192e-16	3.434994e-18	4.379238e-04	6.744822e-08	2.042317e-01	6.495684e-01	3.621193e-04	1.449658e-01	4.877526e-10	6.032344e-05	9.878716e-13	2.196779e-06	5.363782e-10	1.285107e-24	
1.800000e+03	1.000000e+00	7.220315e-17	1.128200e-17	4.636184e-04	7.452277e-08	9.886362e-02	7.463572e-01	3.919522e-04	1.534729e-01	9.299801e-11	6.386463e-05	1.517441e-12	3.496356e-07	8.156591e-11	4.580989e-26	
1.700000e+03	1.000000e+00	7.760507e-18	3.339246e-17	4.774542e-04	8.361902e-08	4.210821e-02	7.984912e-01	4.065466e-04	1.580553e-01	1.435516e-11	6.577167e-05	2.115216e-12	4.652382e-08	1.069130e-11	1.231574e-27	
1.600000e+03	1.000000e+00	6.108979e-19	1.000626e-16	4.838466e-04	9.474716e-08	1.577452e-02	8.226969e-01	4.097433e-04	1.601704e-01	1.738886e-12	6.666084e-05	2.843403e-12	4.880623e-09	1.117064e-12	2.196284e-29	
1.500000e+03	1.000000e+00	3.336032e-20	3.238415e-16	4.864519e-04	1.102249e-07	5.135569e-03	8.324681e-01	4.112717e-04	1.610383e-01	1.583598e-13	6.701783e-05	3.832393e-12	3.862139e-10	8.950249e-14	2.417220e-31	
1.400000e+03	1.000000e+00	1.196569e-21	1.212144e-15	4.873287e-04	1.308558e-07	1.420175e-03	8.358850e-01	4.092720e-04	1.613429e-01	1.023242e-14	6.713827e-05	5.309746e-12	2.132247e-11	5.014335e-15	1.403980e-33	
1.300000e+03	1.000000e+00	2.548521e-23	5.475525e-15	4.876618e-04	1.608958e-07	3.223708e-04	8.368738e-01	4.084569e-04	1.614550e-01	4.341604e-16	6.719005e-05	7.697524e-12	7.612523e-13	1.834308e-16	3.792616e-36	
1.200000e+03	1.000000e+00	4.286195e-25	4.765566e-14	4.876996e-04	1.366121e-07	5.727031e-05	8.372899e-01	2.709821e-04	1.615055e-01	1.089048e-17	6.715118e-05	1.185825e-11	1.041223e-14	1.718508e-18	1.134105e-39	
1.100000e+03	1.000000e+00	2.180904e-27	3.907131e-13	4.877433e-04	1.773693e-07	7.452399e-06	8.374917e-01	2.618734e-04	1.614914e-01	1.401753e-19	6.720168e-05	1.977740e-11	1.028658e-16	1.705241e-20	3.024133e-43	
1.000000e+03	1.000000e+00	3.705724e-30	4.678987e-12	4.876750e-04	2.528048e-07	6.472948e-07	8.375009e-01	2.609421e-04	1.614915e-01	7.571810e-22	6.720108e-05	3.650802e-11	4.212756e-19	7.296009e-23	1.758475e-47	
9.000000e+02	1.000000e+00	1.512392e-33	9.615747e-11	4.875331e-04	3.931466e-07	3.282324e-08	8.375012e-01	2.610483e-04	1.614930e-01	1.286470e-24	6.720288e-05	7.714711e-11	5.144853e-22	9.455715e-26	1.203151e-52	
8.000000e+02	1.000000e+00	8.725476e-38	4.159639e-09	4.872373e-04	6.841254e-07	7.949891e-10	8.375011e-01	2.607575e-04	1.614934e-01	4.459450e-28	6.720307e-05	1.959604e-10	1.184475e-25	2.345338e-29	4.266853e-59	
7.000000e+02	1.000000e+00	3.053021e-43	5.141857e-07	4.860104e-04	1.398267e-06	6.713340e-12	8.375056e-01	2.605567e-04	1.614926e-01	1.598483e-32	6.720216e-05	6.452416e-10	2.530498e-30	5.535396e-34	2.237040e-67	
6.000000e+02	1.000000e+00	7.374503e-51	1.402977e-04	3.438386e-04	3.947172e-06	1.171232e-14	8.373202e-01	3.978369e-04	1.615409e-01	1.911654e-38	6.722246e-05	3.114239e-09	2.351847e-36	9.033728e-40	7.609162e-78	
5.000000e+02	1.000000e+00	2.284590e-64	4.880522e-04	3.285317e-07	2.728638e-08	1.651673e-18	8.368576e-01	7.497226e-04	1.616511e-01	9.982787e-47	6.725479e-05	2.731154e-08	9.223912e-45	8.214192e-48	1.840436e-90	
4.000000e+02	1.000000e+00	2.178729e-85	4.884054e-04	7.181514e-13	4.449727e-13	2.911213e-24	8.368559e-01	7.501145e-04	1.616523e-01	3.922630e-59	6.693917e-05	6.560180e-07	9.650493e-58	1.202215e-60	1.840448e-90	
3.000000e+02	1.000000e+00	1.840613e-90	4.884610e-04	4.809165e-22	8.176529e-21	8.503748e-34	8.368059e-01	7.501762e-04	1.616663e-01	6.321716e-80	3.110922e-05	7.232756e-05	2.885773e-79	6.728067e-82	1.840613e-90	
2.000000e+02	1.000000e+00	1.840688e-90	4.884835e-04	2.126687e-39	2.287662e-35	1.148068e-52	8.367690e-01	7.487300e-04	1.616732e-01	1.840688e-90	8.382726e-13	1.344430e-04	1.840688e-90	1.840688e-90	1.840688e-90	
1.000000e+02	1.000000e+00	1.840755e-90	4.884199e-04	1.995690e-83	1.201077e-71	1.840755e-90	8.367630e-01	7.488241e-04	1.616799e-01	1.840755e-90	3.265502e-31	1.344702e-04	1.840755e-90	1.840755e-90	1.840755e-90	

1.000000e-01

3.000000e+03	1.000000e-01	2.433592e-06	3.284593e-27	2.629565e-04	2.080136e-12	9.113155e-01	3.329003e-05	1.731851e-12	8.783902e-02	4.861086e-05	1.224651e-05	4.788503e-21	2.666158e-04	5.548500e-12	1.250437e-26	
2.900000e+03	1.000000e-01	5.451072e-07	7.936284e-27	2.648558e-04	4.327744e-12	9.112927e-01	6.276618e-05	6.547737e-12	8.784271e-02	3.224070e-05	2.043277e-05	1.717255e-20	2.644263e-04	1.109169e-11	2.887969e-26	
2.800000e+03	1.000000e-01	1.087862e-07	2.022941e-26	2.653118e-04	9.469429e-12	9.112343e-01	1.237120e-04	2.727641e-11	8.784854e-02	1.829009e-05	2.741031e-05	5.935398e-20	2.629863e-04	2.344537e-11	7.149253e-26	
2.700000e+03	1.000000e-01	1.939383e-08	5.556034e-26	2.654380e-04	2.178741e-11	9.110973e-01	2.561272e-04	1.251999e-10	8.786091e-02	9.180721e-06	3.196984e-05	2.072203e-19	2.595966e-04	5.162059e-11	1.851787e-25	
2.600000e+03	1.000000e-01	3.093352e-09	1.681955e-25	2.655395e-04	5.238654e-11	9.107766e-01	5.600246e-04	6.317010e-10	8.788874e-02	4.179763e-06	3.448131e-05	7.603563e-19	2.507607e-04	1.158229e-10	4.847839e-25	
2.500000e+03	1.000000e-01	4.335483e-10	5.644367e-25	2.657404e-04	1.330799e-10	9.099831e-01	1.300861e-03	3.559551e-09	8.795511e-02	1.746867e-06	3.572475e-05	3.017763e-18	2.376467e-04	2.681853e-10	1.304423e-24	
2.400000e+03	1.000000e-01	5.055885e-11	2.039766e-24	2.662555e-04	3.742825e-10	9.078920e-01	3.228877e-03	2.357683e-08	8.812537e-02	6.719626e-07	3.633178e-05	1.322367e-17	2.292367e-04	6.957418e-10	4.070948e-24	
2.300000e+03	1.000000e-01	4.792799e-12	7.938606e-24	2.676800e-04	1.185065e-09	9.020539e-01	8.593984e-03	1.867668e-07	8.859699e-02	2.371726e-07	3.674388e-05	6.480940e-17	2.259034e-04	2.058109e-09	1.508641e-23	
2.200000e+03	1.000000e-01	3.717772e-13	3.369722e-23	2.718656e-04	4.198587e-09	8.848852e-01	2.436535e-02	1.733840e-06	8.998308e-02	7.639917e-08	3.739852e-05	3.543275e-16	2.216787e-04	6.675320e-09	6.238510e-23	
2.100000e+03	1.000000e-01	2.510307e-14	1.565360e-22	2.841505e-04	1.598699e-08	8.344967e-01	7.064945e-02	1.705913e-05	9.405308e-02	2.239149e-08	3.911565e-05	2.057672e-15	2.011599e-04	2.076751e-08	2.345928e-22	
2.000000e+03	1.000000e-01	2.137846e-15	9.390331e-22	3.149144e-04	4.705202e-08	7.083922e-01	1.864751e-01	1.103823e-04	1.042453e-01	5.966922e-09	4.336573e-05	1.084594e-14	1.156946e-04	2.961718e-08	2.637484e-22	
1.900000e+03	1.000000e-01	3.446032e-16	8.211456e-21	3.668972e-04	6.854458e-08	4.953640e-01	3.821443e-01	2.584110e-04	1.214579e-01	1.411762e-09	5.053703e-05	4.080056e-14	2.664667e-05	7.891954e-09	2.293557e-23	
1.800000e+03	1.000000e-01	5.831941e-17	5.565785e-20	4.203156e-04	7.583361e-08	2.763802e-01	5.832946e-01	3.438209e-04	1.391408e-01	2.800142e-10	5.789934e-05	9.982299e-14	3.924399e-06	1.027600e-09	6.477876e-25	
1.700000e+03	1.000000e-01	7.064478e-18	2.478017e-19	4.568605e-04	8.410443e-08	1.265270e-01	7.209464e-01	3.858381e-04	1.512394e-01	4.440532e-11	6.293510e-05	1.775134e-13	4.890319e-07	1.181284e-10	1.430362e-26	
1.600000e+03	1.000000e-01	5.851919e-19	8.887911e-19	4.757733e-04	9.563593e-08	4.895027e-02	7.922065e-01	4.050168e-04	1.575028e-01	5.452505e-12	6.554224e-05	2.664170e-13	5.009996e-08	1.177072e-11	2.375614e-28	
1.500000e+03	1.000000e-01	3.325279e-20	3.150115e-18	4.837540e-04	1.093582e-07	1.614127e-02	8.223672e-01	4.053347e-04	1.601390e-01	4.994069e-13	6.665144e-05	3.752553e-13	3.853141e-09	8.908590e-13	2.400363e-30	
1.400000e+03	1.000000e-01	1.185991e-21	1.193324e-17	4.866068e-04	1.316320e-07	4.483396e-03	8.330609e-01	4.109176e-04	1.610978e-01	3.233421e-14	6.704056e-05	5.279015e-13	2.148078e-10	5.089069e-14	1.435484e-32	
1.300000e+03	1.000000e-01	2.546471e-23	5.462710e-17	4.874677e-04	1.608972e-07	1.019036e-03	8.362319e-01	4.083096e-04	1.613995e-01	1.372522e-15	6.714945e-05	7.686332e-13	7.615634e-12	1.835804e-15	3.797253e-35	
1.200000e+03	1.000000e-01	3.668848e-25	4.077876e-16	4.881145e-04	1.598710e-07	1.810903e-04	8.371571e-01	3.167985e-04	1.614639e-01	3.443511e-17	6.713711e-05	1.185418e-12	1.217462e-13	2.349496e-17	1.812958e-38	
1.100000e+03	1.000000e-01	2.958370e-27	5.299437e-15	4.881391e-04	1.309685e-07	2.356591e-05	8.374473e-01	1.931990e-04	1.615173e-01	4.432544e-19	6.719616e-05	1.977506e-12	7.589379e-16	9.282344e-20	1.214532e-42	
1.000000e+03	1.000000e-01	5.043568e-30	6.369336e-14	4.876678e-04	1.857410e-07	2.047020e-06	8.375767e-01	1.917397e-04	1.614834e-01	2.394460e-21	6.720344e-05	3.651356e-12	3.095249e-18	3.938614e-22	6.974659e-47	
9.000000e+02	1.000000e-01	2.069054e-33	1.315722e-12	4.876158e-04	2.874713e-07	1.038008e-07	8.375740e-01	1.908644e-04	1.614890e-01	4.068141e-24	6.720158e-05	7.715629e-12	3.761319e-21	5.053916e-25	4.701324e-52	
8.000000e+02	1.000000e-01	1.198046e-37	5.712315e-11	4.874268e-04	4.986424e-07	2.514079e-09	8.375703e-01	1.900016e-04	1.614938e-01	1.410200e-27	6.720290e-05	1.959845e-11	8.629986e-25	1.245015e-28	1.650293e-58	
7.000000e+02	1.000000e-01	4.205619e-43	7.084218e-09	4.868793e-04	1.018689e-06	2.123032e-11	8.375748e-01	1.895020e-04	1.614907e-01	5.054891e-32	6.720332e-05	6.453271e-11	1.840270e-29	2.927520e-33	8.604004e-67	
6.000000e+02	1.000000e-01	2.140100e-50	4.073908e-06	4.811933e-04	2.663880e-06	3.704317e-14	8.375712e-01	1.919106e-04	1.614954e-01	6.044320e-38	6.720327e-05	3.115191e-10	1.134157e-35	2.100849e-39	8.533523e-78	
5.000000e+02	1.000000e-01	2.151307e-62	4.597009e-04	2.675393e-05	1.921642e-06	5.223398e-18	8.369689e-01	6.484472e-04	1.616405e-01	3.156995e-46	6.726157e-05	2.731835e-09	7.976854e-44	6.143242e-47	1.840247e-90	
4.000000e+02	1.000000e-01	2.178389e-83	4.884128e-04	6.500164e-11	3.646009e-11	9.206443e-24	8.369262e-01	6.791099e-04	1.616527e-01	1.243189e-58	6.723585e-05	6.575540e-08	8.736246e-57	9.852210e-60	1.840383e-90	
3.000000e+02	1.000000e-01	1.840375e-90	4.884076e-04	4.351279e-20	6.696276e-19	2.689305e-33	8.369221e-01	6.791109e-04	1.616517e-01	2.825712e-79	6.215497e-05	1.022559e-05	2.612032e-78	5.512183e-81	1.840375e-90	
2.000000e+02	1.000000e-01	1.840622e-90	4.884819e-04	1.924422e-37	1.873538e-33	3.630653e-52	8.368387e-01	6.776965e-04	1.616739e-01	1.840622e-90	8.381551e-11	1.344509e-04	1.840622e-90	1.840622e-90	1.840622e-90	
1.000000e+02	1.000000e-01	1.840593e-90	4.884075e-04	1.805668e-81	9.834772e-70	1.840593e-90	8.368415e-01	6.777491e-04	1.616719e-01	1.840593e-90	3.263097e-29	1.344413e-04	1.840593e-90	1.840593e-90	1.840593e-90	

1.000000e-02

3.000000e+03	1.000000e-02	2.111593e-05	2.850071e-30	2.442602e-04	2.068554e-13	9.113221e-01	3.329049e-06	1.854056e-14	8.783387e-02	6.826925e-05	2.415438e-06	6.725125e-24	2.854253e-04	6.358994e-13	1.534196e-28	
2.900000e+03	1.000000e-02	5.252266e-06	7.648323e-30	2.601285e-04	4.332649e-13	9.113374e-01	6.277230e-06	6.674936e-14	8.783599e-02	5.928428e-05	6.908712e-06	3.158152e-23	2.695370e-04	1.152457e-12	3.058675e-28	
2.800000e+03	1.000000e-02	1.074488e-06	1.999019e-29	2.643127e-04	9.515222e-13	9.113422e-01	1.237413e-05	2.751844e-13	8.783752e-02	4.291826e-05	1.509268e-05	1.393255e-22	2.652569e-04	2.385197e-12	7.336038e-28	
2.700000e+03	1.000000e-02	1.905473e-07	5.464632e-29	2.652036e-04	2.213602e-12	9.113369e-01	2.562619e-05	1.273825e-12	8.783973e-02	2.514402e-05	2.398039e-05	5.679799e-22	2.639832e-04	5.337988e-12	1.947256e-27	
2.600000e+03	1.000000e-02	2.955655e-08	1.610860e-28	2.653732e-04	5.475844e-12	9.113113e-01	5.606822e-05	6.614922e-12	8.784285e-02	1.240117e-05	3.035327e-05	2.259916e-21	2.622787e-04	1.267073e-11	5.547008e-27	
2.500000e+03	1.000000e-02	4.010475e-09	5.250116e-28	2.654217e-04	1.435198e-11	9.112384e-01	1.304453e-04	3.854015e-11	8.785050e-02	5.378550e-06	3.386727e-05	9.330116e-21	2.565974e-04	3.126627e-11	1.642026e-26	
2.400000e+03	1.000000e-02	4.747930e-10	1.942230e-27	2.654804e-04	3.962415e-11	9.110400e-01	3.251307e-04	2.520685e-10	8.786889e-02	2.100862e-06	3.551336e-05	4.177481e-20	2.433945e-04	7.843346e-11	4.872765e-26	
2.300000e+03	1.000000e-02	4.643541e-11	7.981830e-27	2.656302e-04	1.204495e-10	9.104523e-01	8.754751e-04	1.948725e-09	8.791846e-02	7.445528e-07	3.621151e-05	2.091908e-19	2.313792e-04	2.159093e-10	1.621027e-25	
2.200000e+03	1.000000e-02	3.549780e-12	3.576685e-26	2.660815e-04	4.212165e-10	9.086128e-01	2.568955e-03	1.873849e-08	8.806735e-02	2.387601e-07	3.652588e-05	1.198820e-18	2.272300e-04	7.013834e-10	6.719022e-25	
2.100000e+03	1.000000e-02	2.108131e-13	1.797687e-25	2.675914e-04	1.688276e-09	9.024161e-01	8.261773e-03	2.237043e-07	8.856777e-02	6.869660e-08	3.681757e-05	7.983169e-18	2.255767e-04	2.611502e-09	3.308062e-24	
2.000000e+03	1.000000e-02	9.751167e-15	1.020349e-24	2.730348e-04	7.754416e-09	8.800773e-01	2.878159e-02	3.238460e-06	9.037166e-02	1.756798e-08	3.759148e-05	6.123211e-17	2.199169e-04	1.070125e-08	1.811448e-23	
1.900000e+03	1.000000e-02	4.178655e-16	6.850878e-24	2.919976e-04	3.580351e-08	8.022818e-01	1.002379e-01	4.448702e-05	9.665750e-02	3.982277e-09	4.021144e-05	4.889256e-16	1.748884e-04	3.399540e-08	6.484294e-23	
1.800000e+03	1.000000e-02	3.718742e-17	8.205726e-23	3.398803e-04	7.776420e-08	6.060504e-01	2.804734e-01	2.096542e-04	1.125186e-01	7.962466e-10	4.681756e-05	2.992980e-15	4.976690e-05	1.652567e-08	1.321098e-23	
1.700000e+03	1.000000e-02	5.344419e-18	9.898459e-22	4.045265e-04	8.716156e-08	3.410705e-01	5.238714e-01	3.281479e-04	1.339184e-01	1.321359e-10	5.572682e-05	1.034663e-14	5.723746e-06	1.618230e-09	2.293374e-25	
1.600000e+03	1.000000e-02	5.233074e-19	6.262463e-21	4.521390e-04	9.658429e-08	1.458402e-01	7.032056e-01	3.820589e-04	1.496802e-01	1.680866e-11	6.228665e-05	2.172022e-14	5.324162e-07	1.329322e-10	2.851127e-27	
1.500000e+03	1.000000e-02	3.148098e-20	2.760394e-20	4.754612e-04	1.115866e-07	5.006609e-02	7.911846e-01	4.048519e-04	1.574099e-01	1.565580e-12	6.550151e-05	3.510475e-14	4.000230e-08	9.601726e-12	2.685886e-29	
1.400000e+03	1.000000e-02	1.189543e-21	1.171668e-19	4.842287e-04	1.299593e-07	1.410244e-02	8.242343e-01	4.033687e-04	1.603150e-01	1.019970e-13	6.670948e-05	5.182489e-14	2.131198e-09	5.009398e-13	1.401906e-31	
1.300000e+03	1.000000e-02	2.537210e-23	5.416848e-19	4.868651e-04	1.610855e-07	3.218613e-03	8.342308e-01	4.083140e-04	1.611973e-01	4.338134e-15	6.708269e-05	7.654967e-14	7.633967e-11	1.844658e-14	3.824760e-34	
1.200000e+03	1.000000e-02	2.856181e-25	3.170933e-18	4.874469e-04	2.047977e-07	5.724918e-04	8.366720e-01	4.061449e-04	1.614098e-01	1.089145e-16	6.716317e-05	1.184618e-13	1.561726e-12	3.866105e-16	3.826805e-37	
1.100000e+03	1.000000e-02	2.126934e-27	3.809214e-17	4.876644e-04	1.818111e-07	7.451798e-05	8.373566e-01	2.684317e-04	1.614257e-01	1.401483e-18	6.717579e-05	1.976881e-13	1.054589e-14	1.792299e-18	3.258651e-41	
1.000000e+03	1.000000e-02	3.695183e-30	4.665579e-16	4.876773e-04	2.535283e-07	6.472916e-06	8.374924e-01	2.616850e-04	1.614925e-01	7.571871e-21	6.720214e-05	3.650773e-13	4.224795e-17	7.337765e-21	1.773592e-45	
9.000000e+02	1.000000e-02	1.514725e-33	9.630585e-15	4.875180e-04	3.925169e-07	3.282326e-07	8.375019e-01	2.606384e-04	1.614908e-01	1.286440e-23	6.719967e-05	7.714533e-13	5.136773e-20	9.426035e-24	1.197491e-50	
8.000000e+02	1.000000e-02	8.746449e-38	4.169633e-13	4.872450e-04	6.825064e-07	7.949887e-09	8.375005e-01	2.601362e-04	1.614933e-01	4.459449e-27	6.720303e-05	1.959602e-12	1.181653e-23	2.334177e-27	4.236431e-57	
7.000000e+02	1.000000e-02	3.069780e-43	5.170047e-11	4.865296e-04	1.393606e-06	6.713324e-11	8.375023e-01	2.594100e-04	1.614930e-01	1.598483e-31	6.720216e-05	6.452381e-12	2.519370e-28	5.486821e-32	2.207659e-65	
6.000000e+02	1.000000e-02	1.606824e-50	3.058310e-08	4.843038e-04	3.593990e-06	1.171364e-13	8.375091e-01	2.572354e-04	1.614922e-01	1.911371e-37	6.720255e-05	3.114829e-11	1.520327e-34	3.775049e-38	2.055512e-76	
5.000000e+02	1.000000e-02	5.252782e-61	1.123510e-04	3.613479e-04	1.435692e-05	1.652174e-17	8.373663e-01	3.588655e-04	1.615331e-01	9.980237e-46	6.722057e-05	2.732955e-10	4.412467e-43	1.879743e-46	1.839095e-90	
4.000000e+02	1.000000e-02	2.178598e-81	4.883828e-04	7.174661e-09	4.441506e-09	2.911211e-23	8.368581e-01	7.494456e-04	1.616505e-01	3.932134e-58	6.726424e-05	6.576143e-09	9.641822e-56	1.200061e-58	1.840431e-90	
3.000000e+02	1.000000e-02	1.840408e-90	4.883827e-04	4.802899e-18	8.157615e-17	8.504016e-33	8.368599e-01	7.494658e-04	1.616482e-01	9.259236e-79	6.673752e-05	1.059466e-06	2.882850e-77	6.714455e-80	1.840408e-90	
2.000000e+02	1.000000e-02	1.840661e-90	4.884759e-04	2.124841e-35	2.283708e-31	1.148074e-51	8.367717e-01	7.480874e-04	1.616705e-01	1.840661e-90	8.380986e-09	1.344286e-04	1.840661e-90	1.840661e-90	1.840661e-90	
1.000000e+02	1.000000e-02	6.402852e-05	9.908545e-07	3.661909e-08	4.785706e-07	9.115677e-01	3.665899e-09	4.622548e-08	8.787399e-02	2.879295e-05	1.346550e-08	9.848992e-08	2.882765e-04	2.580895e-09	2.837583e-09	

1.000000e-03

3.000000e+03	1.000000e-03	1.060932e-04	1.431491e-33	1.592585e-04	1.750206e-14	9.112459e-01	3.328495e-07	2.405598e-16	8.782594e-02	7.254861e-05	2.727746e-07	7.144900e-27	3.703947e-04	1.070862e-13	3.352729e-30	
2.900000e+03	1.000000e-03	4.023191e-05	5.857753e-33	2.251379e-04	4.236928e-14	9.113060e-01	6.276801e-07	7.541440e-16	8.783208e-02	7.111106e-05	9.940140e-07	3.787793e-26	3.045476e-04	1.471291e-13	4.412084e-30	
2.800000e+03	1.000000e-03	1.003606e-05	1.867089e-32	2.553424e-04	9.507516e-14	9.113349e-01	1.237394e-06	2.846166e-15	8.783533e-02	6.597017e-05	3.565969e-06	2.141538e-25	2.743532e-04	2.551589e-13	8.116921e-30	
2.700000e+03	1.000000e-03	1.877800e-06	5.385526e-32	2.635037e-04	2.217519e-13	9.113479e-01	2.562681e-06	1.284343e-14	8.783601e-02	5.232912e-05	1.038661e-05	1.182108e-24	2.661565e-04	5.426240e-13	1.995745e-29	
2.600000e+03	1.000000e-03	2.928782e-07	1.596521e-31	2.650939e-04	5.514465e-13	9.113553e-01	5.607362e-06	6.669236e-14	8.783742e-02	3.219334e-05	2.045561e-05	5.867574e-24	2.644068e-04	1.287717e-12	5.683128e-29	
2.500000e+03	1.000000e-03	3.905862e-08	5.115790e-31	2.653526e-04	1.472870e-12	9.113555e-01	1.304787e-05	3.957224e-13	8.783898e-02	1.566299e-05	2.872096e-05	2.718088e-23	2.634015e-04	3.294638e-12	1.776141e-28	
2.400000e+03	1.000000e-03	4.445011e-09	1.820722e-30	2.653935e-04	4.229678e-12	9.113418e-01	3.253460e-05	2.693366e-12	8.784129e-02	6.436535e-06	3.333500e-05	1.281150e-22	2.598964e-04	8.942941e-12	5.932583e-28	
2.300000e+03	1.000000e-03	4.325551e-10	7.462772e-30	2.654171e-04	1.290969e-11	9.112942e-01	8.770950e-05	2.094173e-11	8.784742e-02	2.327681e-06	3.539179e-05	6.558049e-22	2.481896e-04	2.484219e-11	2.000635e-27	
2.200000e+03	1.000000e-03	3.451448e-11	3.516179e-29	2.654682e-04	4.312221e-11	9.111227e-01	2.583165e-04	1.933428e-10	8.786403e-02	7.515109e-07	3.618657e-05	3.804699e-21	2.331653e-04	7.385020e-11	7.259389e-27	
2.100000e+03	1.000000e-03	2.073502e-12	1.832321e-28	2.656221e-04	1.691300e-10	9.104936e-01	8.410337e-04	2.298262e-09	8.791568e-02	2.162248e-07	3.647504e-05	2.580810e-20	2.276561e-04	2.659870e-10	3.400389e-26	
2.000000e+03	1.000000e-03	9.231262e-14	1.094851e-27	2.662116e-04	7.786862e-10	9.080742e-01	3.064191e-03	3.550946e-08	8.811111e-02	5.484476e-08	3.663668e-05	2.099878e-19	2.264974e-04	1.135124e-09	1.978970e-25	
1.900000e+03	1.000000e-03	2.994695e-15	7.697862e-27	2.687283e-04	4.231339e-09	8.977466e-01	1.255122e-02	7.153279e-07	8.894477e-02	1.208031e-08	3.700349e-05	2.078118e-18	2.245840e-04	5.606039e-09	1.373146e-24	
1.800000e+03	1.000000e-03	7.459245e-17	6.404225e-26	2.800705e-04	2.632471e-08	8.511802e-01	5.532445e-02	1.698914e-05	9.270613e-02	2.285470e-09	3.857133e-05	2.379961e-17	2.044482e-04	2.788972e-08	9.159308e-24	
1.700000e+03	1.000000e-03	3.274207e-18	9.741102e-25	3.211320e-04	8.965876e-08	6.828146e-01	2.099627e-01	1.704190e-04	1.063180e-01	3.722949e-10	4.423813e-05	2.339060e-16	7.416711e-05	2.717079e-08	4.989626e-24	
1.600000e+03	1.000000e-03	3.762772e-19	2.144242e-23	3.942567e-04	1.021338e-07	3.831083e-01	4.852561e-01	3.197239e-04	1.305247e-01	4.963568e-11	5.431462e-05	1.162675e-15	6.456650e-06	1.954980e-09	5.084926e-26	
1.500000e+03	1.000000e-03	2.802241e-20	1.925278e-22	4.513633e-04	1.129737e-07	1.489567e-01	7.003427e-01	3.821932e-04	1.494289e-01	4.823732e-12	6.218230e-05	2.848542e-15	4.266180e-07	1.092088e-10	3.257991e-28	
1.400000e+03	1.000000e-03	1.145365e-21	1.054570e-21	4.770440e-04	1.309964e-07	4.385010e-02	7.969003e-01	3.990246e-04	1.579156e-01	3.201340e-13	6.571688e-05	4.890052e-15	2.180558e-08	5.244133e-12	1.501590e-30	
1.300000e+03	1.000000e-03	2.511280e-23	5.280087e-21	4.851680e-04	1.616161e-07	1.013930e-02	8.278743e-01	4.079596e-04	1.606323e-01	1.369414e-14	6.684577e-05	7.554260e-15	7.685911e-10	1.869844e-13	3.903359e-33	
1.200000e+03	1.000000e-03	2.872023e-25	3.179814e-20	4.871822e-04	2.034468e-07	1.809141e-03	8.355289e-01	4.031338e-04	1.613176e-01	3.443037e-16	6.711865e-05	1.181799e-14	1.552268e-11	3.819420e-15	3.757700e-36	
1.100000e+03	1.000000e-03	1.858251e-27	3.326286e-19	4.875811e-04	2.080279e-07	2.356154e-04	8.371369e-01	3.071108e-04	1.614476e-01	4.432089e-18	6.718235e-05	1.976203e-14	1.206862e-13	2.347255e-17	4.883858e-40	
1.000000e+03	1.000000e-03	3.621314e-30	4.571427e-18	4.874870e-04	2.584981e-07	2.046816e-05	8.374111e-01	2.668928e-04	1.614924e-01	2.394578e-20	6.721013e-05	3.650460e-14	4.309290e-16	7.634211e-20	1.882150e-44	
9.000000e+02	1.000000e-03	1.490178e-33	9.474311e-17	4.875204e-04	3.989865e-07	1.037957e-06	8.374924e-01	2.649301e-04	1.614956e-01	4.068280e-23	6.720629e-05	7.714786e-14	5.221412e-19	9.739224e-23	1.257666e-49	
8.000000e+02	1.000000e-03	8.606120e-38	4.102706e-15	4.872312e-04	6.935959e-07	2.513968e-08	8.374968e-01	2.643692e-04	1.614928e-01	1.410193e-26	6.720226e-05	1.959579e-13	1.200885e-22	2.410780e-26	4.446681e-56	
7.000000e+02	1.000000e-03	3.021409e-43	5.088531e-13	4.865092e-04	1.415798e-06	2.122935e-10	8.374985e-01	2.635507e-04	1.614926e-01	5.054868e-31	6.720272e-05	6.452361e-13	2.559598e-27	5.663437e-31	2.315106e-64	
6.000000e+02	1.000000e-03	1.581592e-50	3.010267e-10	4.842772e-04	3.650927e-06	3.704163e-13	8.375041e-01	2.613233e-04	1.614930e-01	6.044244e-37	6.720180e-05	3.114793e-12	1.544493e-33	3.896023e-37	2.155108e-75	
5.000000e+02	1.000000e-03	9.716493e-61	2.078957e-06	4.725794e-04	1.327516e-05	5.225092e-17	8.375117e-01	2.537677e-04	1.614931e-01	3.155585e-45	6.720152e-05	2.733272e-11	3.119693e-42	9.396322e-46	1.838638e-90	
4.000000e+02	1.000000e-03	2.173567e-79	4.872487e-04	7.182791e-07	4.461882e-07	9.206033e-23	8.368533e-01	7.520274e-04	1.616527e-01	1.243500e-57	6.726960e-05	6.576344e-10	9.675099e-55	1.208358e-57	1.840456e-90	
3.000000e+02	1.000000e-03	1.840420e-90	4.884010e-04	4.829763e-16	8.248686e-15	2.689202e-32	8.368552e-01	7.536132e-04	1.616492e-01	2.938509e-78	6.721602e-05	1.063245e-07	2.898827e-76	6.789067e-79	1.840420e-90	
2.000000e+02	1.000000e-03	1.840711e-90	4.885060e-04	2.136987e-33	2.309707e-29	3.630514e-51	8.367646e-01	7.522973e-04	1.616742e-01	1.840711e-90	8.181656e-07	1.328187e-04	1.840711e-90	1.840711e-90	1.840711e-90	
1.000000e+02	1.000000e-03	1.840577e-90	4.884545e-04	2.004742e-77	1.211991e-65	1.840577e-90	8.367752e-01	7.522274e-04	1.616637e-01	1.840577e-90	3.263773e-25	1.344399e-04	1.840577e-90	1.840577e-90	1.840577e-90	

1.000000e-04

3.000000e+03	1.000000e-04	2.216666e-04	2.989515e-37	4.365474e-05	6.294107e-16	9.111407e-01	3.327726e-08	3.155287e-18	8.781571e-02	7.303065e-05	2.764115e-08	7.189882e-30	4.859381e-04	1.843171e-14	7.570889e-32	
2.900000e+03	1.000000e-04	1.505656e-04	2.191263e-36	1.147744e-04	2.942314e-15	9.112056e-01	6.275416e-08	1.027069e-17	8.782195e-02	7.288239e-05	1.044151e-07	3.880859e-29	4.148552e-04	2.730117e-14	1.115239e-31	
2.800000e+03	1.000000e-04	6.539900e-05	1.216394e-35	1.999647e-04	8.947880e-15	9.112832e-01	1.237253e-07	3.420058e-17	8.782967e-02	7.224258e-05	4.276306e-07	2.344755e-28	3.297103e-04	3.685156e-14	1.408831e-31	
2.700000e+03	1.000000e-04	1.677455e-05	4.810549e-35	2.486016e-04	2.209531e-14	9.113291e-01	2.562576e-07	1.356372e-16	8.783363e-02	6.944249e-05	1.829101e-06	1.568602e-27	2.810946e-04	6.052435e-14	2.350995e-31	
2.600000e+03	1.000000e-04	2.870133e-06	1.564490e-34	2.625099e-04	5.517980e-14	9.113461e-01	5.607252e-07	6.739046e-16	8.783535e-02	5.924666e-05	6.928003e-06	1.079801e-26	2.671796e-04	1.314868e-13	5.863809e-31	
2.500000e+03	1.000000e-04	3.882597e-07	5.085359e-34	2.649967e-04	1.477724e-13	9.113567e-01	1.304792e-06	3.975610e-15	8.783693e-02	3.846351e-05	1.732000e-05	6.674834e-26	2.646242e-04	3.325299e-13	1.800993e-30	
2.400000e+03	1.000000e-04	4.377190e-08	1.793123e-33	2.653464e-04	4.293689e-13	9.113643e-01	3.253622e-06	2.734749e-14	8.783815e-02	1.843196e-05	2.733629e-05	3.669038e-25	2.638763e-04	9.218939e-13	6.209331e-30	
2.300000e+03	1.000000e-04	4.103715e-09	7.082290e-33	2.653870e-04	1.360447e-12	9.113660e-01	8.772336e-06	2.207477e-13	8.783889e-02	7.107588e-06	3.299897e-05	2.002981e-24	2.615763e-04	2.759432e-12	2.342141e-29	
2.200000e+03	1.000000e-04	3.200659e-10	3.264070e-32	2.653998e-04	4.647712e-12	9.113589e-01	2.584504e-05	2.085467e-12	8.784151e-02	2.349809e-06	3.537871e-05	1.190571e-23	2.513703e-04	8.583249e-12	9.095993e-29	
2.100000e+03	1.000000e-04	2.013905e-11	1.786055e-31	2.654197e-04	1.738697e-11	9.113113e-01	8.425448e-05	2.368719e-11	8.784856e-02	6.813289e-07	3.621580e-05	8.154104e-23	2.342146e-04	2.815331e-11	3.702817e-28	
2.000000e+03	1.000000e-04	9.156750e-13	1.100433e-30	2.654817e-04	7.807239e-11	9.110734e-01	3.084465e-04	3.593647e-10	8.786884e-02	1.730585e-07	3.647806e-05	6.691879e-22	2.277144e-04	1.147356e-10	2.011043e-27	
1.900000e+03	1.000000e-04	2.933243e-14	7.960286e-30	2.657409e-04	4.224470e-10	9.100065e-01	1.289637e-03	7.420551e-09	8.795477e-02	3.798261e-08	3.658107e-05	6.805332e-21	2.267401e-04	5.714195e-10	1.413075e-26	
1.800000e+03	1.000000e-04	6.437604e-16	7.050993e-29	2.670561e-04	2.773350e-09	9.046076e-01	6.248768e-03	2.120092e-07	8.839094e-02	7.057179e-09	3.677694e-05	8.821474e-20	2.258859e-04	3.404521e-09	1.235323e-25	
1.700000e+03	1.000000e-04	9.639951e-18	7.697288e-28	2.745153e-04	2.225308e-08	8.739636e-01	3.439718e-02	8.106124e-06	9.086573e-02	1.088385e-09	3.780830e-05	1.433863e-18	2.153406e-04	2.290505e-08	1.221269e-24	
1.600000e+03	1.000000e-04	2.212233e-19	1.600491e-26	3.112680e-04	1.082824e-07	7.231624e-01	1.729018e-01	1.529805e-04	1.030589e-01	1.394688e-10	4.288277e-05	2.197272e-17	8.670416e-05	3.525393e-08	1.231353e-24	
1.500000e+03	1.000000e-04	1.980459e-20	6.371505e-25	3.926446e-04	1.209661e-07	3.896562e-01	4.792411e-01	3.219136e-04	1.299965e-01	1.422752e-11	5.409533e-05	1.503955e-16	5.251115e-06	1.654561e-09	6.075584e-27	
1.400000e+03	1.000000e-04	1.014407e-21	7.548288e-24	4.556069e-04	1.349133e-07	1.314762e-01	7.164015e-01	3.868259e-04	1.508388e-01	9.894084e-13	6.277173e-05	4.073666e-16	2.351426e-07	6.098185e-11	1.882962e-29	
1.300000e+03	1.000000e-04	2.477929e-23	4.963738e-23	4.799495e-04	1.602868e-07	3.167757e-02	8.080750e-01	3.992218e-04	1.589109e-01	4.307093e-14	6.612604e-05	7.245560e-16	7.705580e-09	1.879426e-12	3.933400e-32	
1.200000e+03	1.000000e-04	2.829472e-25	3.105877e-22	4.862252e-04	2.056958e-07	5.708715e-03	8.319432e-01	4.066398e-04	1.609959e-01	1.087799e-15	6.699728e-05	1.173139e-15	1.572516e-10	3.919711e-14	3.906674e-35	
1.100000e+03	1.000000e-04	1.412992e-27	2.525450e-21	4.873363e-04	2.733066e-07	7.448009e-04	8.365058e-01	4.033798e-04	1.614077e-01	1.401371e-17	6.716511e-05	1.973713e-15	1.586371e-12	4.055590e-16	1.109183e-38	
1.000000e+03	1.000000e-04	3.699989e-30	4.670668e-20	4.881729e-04	2.537139e-07	6.472581e-05	8.374051e-01	2.615834e-04	1.613996e-01	7.567793e-20	6.712974e-05	3.648233e-15	4.223597e-15	7.333602e-19	1.772082e-43	
9.000000e+02	1.000000e-04	1.515302e-33	9.634254e-19	4.875261e-04	3.923804e-07	3.282324e-06	8.375013e-01	2.605433e-04	1.614909e-01	1.286454e-22	6.720115e-05	7.714615e-15	5.134899e-18	9.419163e-22	1.196182e-48	
8.000000e+02	1.000000e-04	8.761654e-38	4.176930e-17	4.873167e-04	6.815226e-07	7.949918e-08	8.375062e-01	2.597248e-04	1.614882e-01	4.459214e-26	6.719589e-05	1.959516e-14	1.179777e-21	2.326770e-25	4.216280e-55	
7.000000e+02	1.000000e-04	3.082289e-43	5.191074e-15	4.865393e-04	1.388005e-06	6.713338e-10	8.375023e-01	2.583623e-04	1.614934e-01	1.598496e-30	6.720298e-05	6.452395e-14	2.509205e-26	5.442614e-30	2.181029e-63	
6.000000e+02	1.000000e-04	1.613620e-50	3.071244e-12	4.843325e-04	3.579278e-06	1.171365e-12	8.375096e-01	2.561673e-04	1.614914e-01	1.911372e-36	6.720253e-05	3.114829e-13	1.514015e-32	3.743765e-36	2.030013e-74	
5.000000e+02	1.000000e-04	1.004077e-60	2.148385e-08	4.749402e-04	1.297509e-05	1.652326e-16	8.375194e-01	2.468009e-04	1.614923e-01	9.979002e-45	6.720382e-05	2.733359e-12	3.034016e-41	8.887311e-45	7.336329e-90	
4.000000e+02	1.000000e-04	1.826542e-77	4.095651e-04	5.154525e-05	2.734339e-05	2.911409e-22	8.369681e-01	6.422913e-04	1.616474e-01	3.932317e-57	6.727019e-05	6.577699e-11	8.262204e-54	8.812009e-57	1.840370e-90	
3.000000e+02	1.000000e-04	1.840427e-90	4.884116e-04	4.796396e-14	8.135053e-13	8.504012e-32	8.368592e-01	7.484056e-04	1.616504e-01	9.295555e-78	6.726211e-05	1.063621e-08	2.878774e-75	6.695480e-78	1.840427e-90	
2.000000e+02	1.000000e-04	1.840589e-90	4.884457e-04	2.121357e-31	2.276568e-27	1.148098e-50	8.368076e-01	7.470053e-04	1.616640e-01	1.840589e-90	2.823034e-05	7.802447e-05	1.840589e-90	1.840589e-90	1.840589e-90	
1.000000e+02	1.000000e-04	1.840672e-90	4.885896e-04	1.991504e-75	1.195675e-63	1.840672e-90	8.367713e-01	7.470300e-04	1.616726e-01	1.840672e-90	3.263907e-23	1.344406e-04	1.840672e-90	1.840672e-90	1.840672e-90	

